	stool.ASD.6.4	stool.ASD.7.1	stool.ASD.7.2	stool.ASD.7.3	stool.ASD.7.4	stool.ASD.12.2	stool.control.13S.1B	stool.control.13S.2	stool.ASD.14.1	stool.ASD.14.2	stool.control.15S.1	stool.control.15S.2	stool.control.15S.3	stool.control.15S.4	stool.ASD.22.1	stool.ASD.22.2	stool.ASD.22.3	stool.ASD.22.4	stool.ASD.24.1	stool.ASD.24.2	stool.ASD.27.1	stool.ASD.27.2	stool.ASD.27.4	stool.ASD.27.5	stool.control.28S.2	stool.control.28S.3	stool.control.30C.1	stool.control.30C.3	stool.control.30C.4	stool.control.30C.5	stool.control.31C.1	stool.control.31C.3	stool.control.32C.1	stool.control.32C.2.run2	stool.control.32C.3	stool.control.38C.1.ASU	stool.control.38C.2A	stool.control.39C.1	stool.control.39C.2	stool.control.39C.3	stool.control.39C.4	stool.control.40C.1	stool.control.40C.2	stool.control.40C.4	stool.control.40C.5
stool.ASD.6.4	0.0	10.4880884817	10.0498756211	5.0	12.409673646	12.409673646	13.2287565553	13.2287565553	11.5325625947	12.409673646	12.2474487139	12.2474487139	11.1803398875	13.2287565553	12.409673646	13.2287565553	13.2287565553	12.4899959968	13.2287565553	13.2287565553	11.2249721603	12.5299640861	9.64365076099	10.246950766	12.8840987267	12.8840987267	12.409673646	12.5299640861	12.124355653	11.7473401245	13.2287565553	13.2287565553	10.0	12.4899959968	13.2287565553	13.2287565553	13.2287565553	13.2287565553	13.2287565553	13.2287565553	13.2287565553	12.409673646	12.409673646	12.8840987267	12.409673646
stool.ASD.7.1	10.4880884817	0.0	1.0	6.7082039325	3.74165738677	3.74165738677	5.9160797831	5.9160797831	4.79583152331	6.63324958071	3.16227766017	3.16227766017	5.9160797831	5.9160797831	6.63324958071	5.9160797831	5.9160797831	5.83095189485	5.9160797831	5.9160797831	6.16441400297	4.58257569496	3.60555127546	5.0	6.0	5.47722557505	3.74165738677	5.19615242271	5.9160797831	5.47722557505	5.9160797831	5.9160797831	7.07106781187	5.83095189485	5.9160797831	5.9160797831	5.9160797831	5.9160797831	5.9160797831	5.9160797831	5.9160797831	6.63324958071	6.63324958071	6.0	6.63324958071
stool.ASD.7.2	10.0498756211	1.0	0.0	6.0	3.87298334621	3.87298334621	6.0	6.0	4.24264068712	6.2449979984	3.31662479036	3.31662479036	5.09901951359	6.0	6.2449979984	6.0	6.0	5.9160797831	6.0	6.0	5.74456264654	4.69041575982	2.82842712475	4.472135955	5.9160797831	5.56776436283	3.87298334621	5.09901951359	5.83095189485	5.38516480713	6.0	6.0	7.14142842854	5.9160797831	6.0	6.0	6.0	6.0	6.0	6.0	6.0	6.2449979984	6.2449979984	5.9160797831	6.2449979984
stool.ASD.7.3	5.0	6.7082039325	6.0	0.0	8.88819441732	8.88819441732	10.0	10.0	7.61577310586	8.88819441732	8.66025403784	8.66025403784	7.07106781187	10.0	8.88819441732	10.0	10.0	9.53939201417	10.0	10.0	7.81024967591	9.05538513814	5.29150262213	6.32455532034	9.53939201417	9.53939201417	8.88819441732	9.05538513814	9.05538513814	8.54400374532	10.0	10.0	8.66025403784	9.53939201417	10.0	10.0	10.0	10.0	10.0	10.0	10.0	8.88819441732	8.88819441732	9.53939201417	8.88819441732
stool.ASD.7.4	12.409673646	3.74165738677	3.87298334621	8.88819441732	0.0	0.0	3.0	3.0	3.0	4.24264068712	2.0	2.0	5.38516480713	3.0	4.24264068712	3.0	3.0	3.16227766017	3.0	3.0	4.472135955	2.2360679775	4.35889894354	4.79583152331	3.16227766017	3.16227766017	0.0	2.2360679775	3.31662479036	3.46410161514	3.0	3.0	5.83095189485	3.16227766017	3.0	3.0	3.0	3.0	3.0	3.0	3.0	4.24264068712	4.24264068712	3.16227766017	4.24264068712
stool.ASD.12.2	12.409673646	3.74165738677	3.87298334621	8.88819441732	0.0	0.0	3.0	3.0	3.0	4.24264068712	2.0	2.0	5.38516480713	3.0	4.24264068712	3.0	3.0	3.16227766017	3.0	3.0	4.472135955	2.2360679775	4.35889894354	4.79583152331	3.16227766017	3.16227766017	0.0	2.2360679775	3.31662479036	3.46410161514	3.0	3.0	5.83095189485	3.16227766017	3.0	3.0	3.0	3.0	3.0	3.0	3.0	4.24264068712	4.24264068712	3.16227766017	4.24264068712
stool.control.13S.1B	13.2287565553	5.9160797831	6.0	10.0	3.0	3.0	0.0	0.0	4.24264068712	3.0	5.0	5.0	7.07106781187	0.0	3.0	0.0	0.0	1.0	0.0	0.0	3.31662479036	1.41421356237	5.29150262213	4.472135955	1.0	1.0	3.0	1.41421356237	1.41421356237	1.73205080757	0.0	0.0	5.0	1.0	0.0	0.0	0.0	0.0	0.0	0.0	0.0	3.0	3.0	1.0	3.0
stool.control.13S.2	13.2287565553	5.9160797831	6.0	10.0	3.0	3.0	0.0	0.0	4.24264068712	3.0	5.0	5.0	7.07106781187	0.0	3.0	0.0	0.0	1.0	0.0	0.0	3.31662479036	1.41421356237	5.29150262213	4.472135955	1.0	1.0	3.0	1.41421356237	1.41421356237	1.73205080757	0.0	0.0	5.0	1.0	0.0	0.0	0.0	0.0	0.0	0.0	0.0	3.0	3.0	1.0	3.0
stool.ASD.14.1	11.5325625947	4.79583152331	4.24264068712	7.61577310586	3.0	3.0	4.24264068712	4.24264068712	0.0	3.0	3.60555127546	3.60555127546	2.82842712475	4.24264068712	3.0	4.24264068712	4.24264068712	4.35889894354	4.24264068712	4.24264068712	3.31662479036	3.74165738677	3.16227766017	3.74165738677	3.60555127546	4.35889894354	3.0	2.82842712475	3.74165738677	3.87298334621	4.24264068712	4.24264068712	6.5574385243	4.35889894354	4.24264068712	4.24264068712	4.24264068712	4.24264068712	4.24264068712	4.24264068712	4.24264068712	3.0	3.0	3.60555127546	3.0
stool.ASD.14.2	12.409673646	6.63324958071	6.2449979984	8.88819441732	4.24264068712	4.24264068712	3.0	3.0	3.0	0.0	5.83095189485	5.83095189485	5.38516480713	3.0	0.0	3.0	3.0	3.16227766017	3.0	3.0	1.41421356237	3.31662479036	4.35889894354	3.31662479036	2.0	3.16227766017	4.24264068712	2.2360679775	2.2360679775	2.44948974278	3.0	3.0	5.83095189485	3.16227766017	3.0	3.0	3.0	3.0	3.0	3.0	3.0	0.0	0.0	2.0	0.0
stool.control.15S.1	12.2474487139	3.16227766017	3.31662479036	8.66025403784	2.0	2.0	5.0	5.0	3.60555127546	5.83095189485	0.0	0.0	5.0	5.0	5.83095189485	5.0	5.0	5.09901951359	5.0	5.0	6.0	4.12310562562	4.79583152331	5.9160797831	5.09901951359	5.09901951359	2.0	4.12310562562	5.19615242271	5.29150262213	5.0	5.0	7.07106781187	5.09901951359	5.0	5.0	5.0	5.0	5.0	5.0	5.0	5.83095189485	5.83095189485	5.09901951359	5.83095189485
stool.control.15S.2	12.2474487139	3.16227766017	3.31662479036	8.66025403784	2.0	2.0	5.0	5.0	3.60555127546	5.83095189485	0.0	0.0	5.0	5.0	5.83095189485	5.0	5.0	5.09901951359	5.0	5.0	6.0	4.12310562562	4.79583152331	5.9160797831	5.09901951359	5.09901951359	2.0	4.12310562562	5.19615242271	5.29150262213	5.0	5.0	7.07106781187	5.09901951359	5.0	5.0	5.0	5.0	5.0	5.0	5.0	5.83095189485	5.83095189485	5.09901951359	5.83095189485
stool.control.15S.3	11.1803398875	5.9160797831	5.09901951359	7.07106781187	5.38516480713	5.38516480713	7.07106781187	7.07106781187	2.82842712475	5.38516480713	5.0	5.0	0.0	7.07106781187	5.38516480713	7.07106781187	7.07106781187	7.14142842854	7.07106781187	7.07106781187	5.56776436283	6.48074069841	4.24264068712	5.47722557505	6.40312423743	7.14142842854	5.38516480713	5.65685424949	6.48074069841	6.5574385243	7.07106781187	7.07106781187	8.66025403784	7.14142842854	7.07106781187	7.07106781187	7.07106781187	7.07106781187	7.07106781187	7.07106781187	7.07106781187	5.38516480713	5.38516480713	6.40312423743	5.38516480713
stool.control.15S.4	13.2287565553	5.9160797831	6.0	10.0	3.0	3.0	0.0	0.0	4.24264068712	3.0	5.0	5.0	7.07106781187	0.0	3.0	0.0	0.0	1.0	0.0	0.0	3.31662479036	1.41421356237	5.29150262213	4.472135955	1.0	1.0	3.0	1.41421356237	1.41421356237	1.73205080757	0.0	0.0	5.0	1.0	0.0	0.0	0.0	0.0	0.0	0.0	0.0	3.0	3.0	1.0	3.0
stool.ASD.22.1	12.409673646	6.63324958071	6.2449979984	8.88819441732	4.24264068712	4.24264068712	3.0	3.0	3.0	0.0	5.83095189485	5.83095189485	5.38516480713	3.0	0.0	3.0	3.0	3.16227766017	3.0	3.0	1.41421356237	3.31662479036	4.35889894354	3.31662479036	2.0	3.16227766017	4.24264068712	2.2360679775	2.2360679775	2.44948974278	3.0	3.0	5.83095189485	3.16227766017	3.0	3.0	3.0	3.0	3.0	3.0	3.0	0.0	0.0	2.0	0.0
stool.ASD.22.2	13.2287565553	5.9160797831	6.0	10.0	3.0	3.0	0.0	0.0	4.24264068712	3.0	5.0	5.0	7.07106781187	0.0	3.0	0.0	0.0	1.0	0.0	0.0	3.31662479036	1.41421356237	5.29150262213	4.472135955	1.0	1.0	3.0	1.41421356237	1.41421356237	1.73205080757	0.0	0.0	5.0	1.0	0.0	0.0	0.0	0.0	0.0	0.0	0.0	3.0	3.0	1.0	3.0
stool.ASD.22.3	13.2287565553	5.9160797831	6.0	10.0	3.0	3.0	0.0	0.0	4.24264068712	3.0	5.0	5.0	7.07106781187	0.0	3.0	0.0	0.0	1.0	0.0	0.0	3.31662479036	1.41421356237	5.29150262213	4.472135955	1.0	1.0	3.0	1.41421356237	1.41421356237	1.73205080757	0.0	0.0	5.0	1.0	0.0	0.0	0.0	0.0	0.0	0.0	0.0	3.0	3.0	1.0	3.0
stool.ASD.22.4	12.4899959968	5.83095189485	5.9160797831	9.53939201417	3.16227766017	3.16227766017	1.0	1.0	4.35889894354	3.16227766017	5.09901951359	5.09901951359	7.14142842854	1.0	3.16227766017	1.0	1.0	0.0	1.0	1.0	3.16227766017	1.73205080757	5.19615242271	4.35889894354	1.41421356237	1.41421356237	3.16227766017	1.73205080757	1.0	1.41421356237	1.0	1.0	4.0	0.0	1.0	1.0	1.0	1.0	1.0	1.0	1.0	3.16227766017	3.16227766017	1.41421356237	3.16227766017
stool.ASD.24.1	13.2287565553	5.9160797831	6.0	10.0	3.0	3.0	0.0	0.0	4.24264068712	3.0	5.0	5.0	7.07106781187	0.0	3.0	0.0	0.0	1.0	0.0	0.0	3.31662479036	1.41421356237	5.29150262213	4.472135955	1.0	1.0	3.0	1.41421356237	1.41421356237	1.73205080757	0.0	0.0	5.0	1.0	0.0	0.0	0.0	0.0	0.0	0.0	0.0	3.0	3.0	1.0	3.0
stool.ASD.24.2	13.2287565553	5.9160797831	6.0	10.0	3.0	3.0	0.0	0.0	4.24264068712	3.0	5.0	5.0	7.07106781187	0.0	3.0	0.0	0.0	1.0	0.0	0.0	3.31662479036	1.41421356237	5.29150262213	4.472135955	1.0	1.0	3.0	1.41421356237	1.41421356237	1.73205080757	0.0	0.0	5.0	1.0	0.0	0.0	0.0	0.0	0.0	0.0	0.0	3.0	3.0	1.0	3.0
stool.ASD.27.1	11.2249721603	6.16441400297	5.74456264654	7.81024967591	4.472135955	4.472135955	3.31662479036	3.31662479036	3.31662479036	1.41421356237	6.0	6.0	5.56776436283	3.31662479036	1.41421356237	3.31662479036	3.31662479036	3.16227766017	3.31662479036	3.31662479036	0.0	3.31662479036	3.60555127546	2.2360679775	2.44948974278	3.16227766017	4.472135955	2.64575131106	2.2360679775	2.0	3.31662479036	3.31662479036	5.09901951359	3.16227766017	3.31662479036	3.31662479036	3.31662479036	3.31662479036	3.31662479036	3.31662479036	3.31662479036	1.41421356237	1.41421356237	2.44948974278	1.41421356237
stool.ASD.27.2	12.5299640861	4.58257569496	4.69041575982	9.05538513814	2.2360679775	2.2360679775	1.41421356237	1.41421356237	3.74165738677	3.31662479036	4.12310562562	4.12310562562	6.48074069841	1.41421356237	3.31662479036	1.41421356237	1.41421356237	1.73205080757	1.41421356237	1.41421356237	3.31662479036	0.0	4.24264068712	3.74165738677	1.73205080757	1.0	2.2360679775	1.41421356237	2.0	1.73205080757	1.41421356237	1.41421356237	5.19615242271	1.73205080757	1.41421356237	1.41421356237	1.41421356237	1.41421356237	1.41421356237	1.41421356237	1.41421356237	3.31662479036	3.31662479036	1.73205080757	3.31662479036
stool.ASD.27.4	9.64365076099	3.60555127546	2.82842712475	5.29150262213	4.35889894354	4.35889894354	5.29150262213	5.29150262213	3.16227766017	4.35889894354	4.79583152331	4.79583152331	4.24264068712	5.29150262213	4.35889894354	5.29150262213	5.29150262213	5.19615242271	5.29150262213	5.29150262213	3.60555127546	4.24264068712	0.0	2.0	4.79583152331	4.79583152331	4.35889894354	4.24264068712	4.69041575982	4.12310562562	5.29150262213	5.29150262213	6.5574385243	5.19615242271	5.29150262213	5.29150262213	5.29150262213	5.29150262213	5.29150262213	5.29150262213	5.29150262213	4.35889894354	4.35889894354	4.79583152331	4.35889894354
stool.ASD.27.5	10.246950766	5.0	4.472135955	6.32455532034	4.79583152331	4.79583152331	4.472135955	4.472135955	3.74165738677	3.31662479036	5.9160797831	5.9160797831	5.47722557505	4.472135955	3.31662479036	4.472135955	4.472135955	4.35889894354	4.472135955	4.472135955	2.2360679775	3.74165738677	2.0	0.0	3.87298334621	3.87298334621	4.79583152331	3.74165738677	3.74165738677	3.0	4.472135955	4.472135955	5.9160797831	4.35889894354	4.472135955	4.472135955	4.472135955	4.472135955	4.472135955	4.472135955	4.472135955	3.31662479036	3.31662479036	3.87298334621	3.31662479036
stool.control.28S.2	12.8840987267	6.0	5.9160797831	9.53939201417	3.16227766017	3.16227766017	1.0	1.0	3.60555127546	2.0	5.09901951359	5.09901951359	6.40312423743	1.0	2.0	1.0	1.0	1.41421356237	1.0	1.0	2.44948974278	1.73205080757	4.79583152331	3.87298334621	0.0	1.41421356237	3.16227766017	1.0	1.0	1.41421356237	1.0	1.0	5.09901951359	1.41421356237	1.0	1.0	1.0	1.0	1.0	1.0	1.0	2.0	2.0	0.0	2.0
stool.control.28S.3	12.8840987267	5.47722557505	5.56776436283	9.53939201417	3.16227766017	3.16227766017	1.0	1.0	4.35889894354	3.16227766017	5.09901951359	5.09901951359	7.14142842854	1.0	3.16227766017	1.0	1.0	1.41421356237	1.0	1.0	3.16227766017	1.0	4.79583152331	3.87298334621	1.41421356237	0.0	3.16227766017	1.73205080757	1.73205080757	1.41421356237	1.0	1.0	5.09901951359	1.41421356237	1.0	1.0	1.0	1.0	1.0	1.0	1.0	3.16227766017	3.16227766017	1.41421356237	3.16227766017
stool.control.30C.1	12.409673646	3.74165738677	3.87298334621	8.88819441732	0.0	0.0	3.0	3.0	3.0	4.24264068712	2.0	2.0	5.38516480713	3.0	4.24264068712	3.0	3.0	3.16227766017	3.0	3.0	4.472135955	2.2360679775	4.35889894354	4.79583152331	3.16227766017	3.16227766017	0.0	2.2360679775	3.31662479036	3.46410161514	3.0	3.0	5.83095189485	3.16227766017	3.0	3.0	3.0	3.0	3.0	3.0	3.0	4.24264068712	4.24264068712	3.16227766017	4.24264068712
stool.control.30C.3	12.5299640861	5.19615242271	5.09901951359	9.05538513814	2.2360679775	2.2360679775	1.41421356237	1.41421356237	2.82842712475	2.2360679775	4.12310562562	4.12310562562	5.65685424949	1.41421356237	2.2360679775	1.41421356237	1.41421356237	1.73205080757	1.41421356237	1.41421356237	2.64575131106	1.41421356237	4.24264068712	3.74165738677	1.0	1.73205080757	2.2360679775	0.0	1.41421356237	1.73205080757	1.41421356237	1.41421356237	5.19615242271	1.73205080757	1.41421356237	1.41421356237	1.41421356237	1.41421356237	1.41421356237	1.41421356237	1.41421356237	2.2360679775	2.2360679775	1.0	2.2360679775
stool.control.30C.4	12.124355653	5.9160797831	5.83095189485	9.05538513814	3.31662479036	3.31662479036	1.41421356237	1.41421356237	3.74165738677	2.2360679775	5.19615242271	5.19615242271	6.48074069841	1.41421356237	2.2360679775	1.41421356237	1.41421356237	1.0	1.41421356237	1.41421356237	2.2360679775	2.0	4.69041575982	3.74165738677	1.0	1.73205080757	3.31662479036	1.41421356237	0.0	1.0	1.41421356237	1.41421356237	4.12310562562	1.0	1.41421356237	1.41421356237	1.41421356237	1.41421356237	1.41421356237	1.41421356237	1.41421356237	2.2360679775	2.2360679775	1.0	2.2360679775
stool.control.30C.5	11.7473401245	5.47722557505	5.38516480713	8.54400374532	3.46410161514	3.46410161514	1.73205080757	1.73205080757	3.87298334621	2.44948974278	5.29150262213	5.29150262213	6.5574385243	1.73205080757	2.44948974278	1.73205080757	1.73205080757	1.41421356237	1.73205080757	1.73205080757	2.0	1.73205080757	4.12310562562	3.0	1.41421356237	1.41421356237	3.46410161514	1.73205080757	1.0	0.0	1.73205080757	1.73205080757	4.24264068712	1.41421356237	1.73205080757	1.73205080757	1.73205080757	1.73205080757	1.73205080757	1.73205080757	1.73205080757	2.44948974278	2.44948974278	1.41421356237	2.44948974278
stool.control.31C.1	13.2287565553	5.9160797831	6.0	10.0	3.0	3.0	0.0	0.0	4.24264068712	3.0	5.0	5.0	7.07106781187	0.0	3.0	0.0	0.0	1.0	0.0	0.0	3.31662479036	1.41421356237	5.29150262213	4.472135955	1.0	1.0	3.0	1.41421356237	1.41421356237	1.73205080757	0.0	0.0	5.0	1.0	0.0	0.0	0.0	0.0	0.0	0.0	0.0	3.0	3.0	1.0	3.0
stool.control.31C.3	13.2287565553	5.9160797831	6.0	10.0	3.0	3.0	0.0	0.0	4.24264068712	3.0	5.0	5.0	7.07106781187	0.0	3.0	0.0	0.0	1.0	0.0	0.0	3.31662479036	1.41421356237	5.29150262213	4.472135955	1.0	1.0	3.0	1.41421356237	1.41421356237	1.73205080757	0.0	0.0	5.0	1.0	0.0	0.0	0.0	0.0	0.0	0.0	0.0	3.0	3.0	1.0	3.0
stool.control.32C.1	10.0	7.07106781187	7.14142842854	8.66025403784	5.83095189485	5.83095189485	5.0	5.0	6.5574385243	5.83095189485	7.07106781187	7.07106781187	8.66025403784	5.0	5.83095189485	5.0	5.0	4.0	5.0	5.0	5.09901951359	5.19615242271	6.5574385243	5.9160797831	5.09901951359	5.09901951359	5.83095189485	5.19615242271	4.12310562562	4.24264068712	5.0	5.0	0.0	4.0	5.0	5.0	5.0	5.0	5.0	5.0	5.0	5.83095189485	5.83095189485	5.09901951359	5.83095189485
stool.control.32C.2.run2	12.4899959968	5.83095189485	5.9160797831	9.53939201417	3.16227766017	3.16227766017	1.0	1.0	4.35889894354	3.16227766017	5.09901951359	5.09901951359	7.14142842854	1.0	3.16227766017	1.0	1.0	0.0	1.0	1.0	3.16227766017	1.73205080757	5.19615242271	4.35889894354	1.41421356237	1.41421356237	3.16227766017	1.73205080757	1.0	1.41421356237	1.0	1.0	4.0	0.0	1.0	1.0	1.0	1.0	1.0	1.0	1.0	3.16227766017	3.16227766017	1.41421356237	3.16227766017
stool.control.32C.3	13.2287565553	5.9160797831	6.0	10.0	3.0	3.0	0.0	0.0	4.24264068712	3.0	5.0	5.0	7.07106781187	0.0	3.0	0.0	0.0	1.0	0.0	0.0	3.31662479036	1.41421356237	5.29150262213	4.472135955	1.0	1.0	3.0	1.41421356237	1.41421356237	1.73205080757	0.0	0.0	5.0	1.0	0.0	0.0	0.0	0.0	0.0	0.0	0.0	3.0	3.0	1.0	3.0
stool.control.38C.1.ASU	13.2287565553	5.9160797831	6.0	10.0	3.0	3.0	0.0	0.0	4.24264068712	3.0	5.0	5.0	7.07106781187	0.0	3.0	0.0	0.0	1.0	0.0	0.0	3.31662479036	1.41421356237	5.29150262213	4.472135955	1.0	1.0	3.0	1.41421356237	1.41421356237	1.73205080757	0.0	0.0	5.0	1.0	0.0	0.0	0.0	0.0	0.0	0.0	0.0	3.0	3.0	1.0	3.0
stool.control.38C.2A	13.2287565553	5.9160797831	6.0	10.0	3.0	3.0	0.0	0.0	4.24264068712	3.0	5.0	5.0	7.07106781187	0.0	3.0	0.0	0.0	1.0	0.0	0.0	3.31662479036	1.41421356237	5.29150262213	4.472135955	1.0	1.0	3.0	1.41421356237	1.41421356237	1.73205080757	0.0	0.0	5.0	1.0	0.0	0.0	0.0	0.0	0.0	0.0	0.0	3.0	3.0	1.0	3.0
stool.control.39C.1	13.2287565553	5.9160797831	6.0	10.0	3.0	3.0	0.0	0.0	4.24264068712	3.0	5.0	5.0	7.07106781187	0.0	3.0	0.0	0.0	1.0	0.0	0.0	3.31662479036	1.41421356237	5.29150262213	4.472135955	1.0	1.0	3.0	1.41421356237	1.41421356237	1.73205080757	0.0	0.0	5.0	1.0	0.0	0.0	0.0	0.0	0.0	0.0	0.0	3.0	3.0	1.0	3.0
stool.control.39C.2	13.2287565553	5.9160797831	6.0	10.0	3.0	3.0	0.0	0.0	4.24264068712	3.0	5.0	5.0	7.07106781187	0.0	3.0	0.0	0.0	1.0	0.0	0.0	3.31662479036	1.41421356237	5.29150262213	4.472135955	1.0	1.0	3.0	1.41421356237	1.41421356237	1.73205080757	0.0	0.0	5.0	1.0	0.0	0.0	0.0	0.0	0.0	0.0	0.0	3.0	3.0	1.0	3.0
stool.control.39C.3	13.2287565553	5.9160797831	6.0	10.0	3.0	3.0	0.0	0.0	4.24264068712	3.0	5.0	5.0	7.07106781187	0.0	3.0	0.0	0.0	1.0	0.0	0.0	3.31662479036	1.41421356237	5.29150262213	4.472135955	1.0	1.0	3.0	1.41421356237	1.41421356237	1.73205080757	0.0	0.0	5.0	1.0	0.0	0.0	0.0	0.0	0.0	0.0	0.0	3.0	3.0	1.0	3.0
stool.control.39C.4	13.2287565553	5.9160797831	6.0	10.0	3.0	3.0	0.0	0.0	4.24264068712	3.0	5.0	5.0	7.07106781187	0.0	3.0	0.0	0.0	1.0	0.0	0.0	3.31662479036	1.41421356237	5.29150262213	4.472135955	1.0	1.0	3.0	1.41421356237	1.41421356237	1.73205080757	0.0	0.0	5.0	1.0	0.0	0.0	0.0	0.0	0.0	0.0	0.0	3.0	3.0	1.0	3.0
stool.control.40C.1	12.409673646	6.63324958071	6.2449979984	8.88819441732	4.24264068712	4.24264068712	3.0	3.0	3.0	0.0	5.83095189485	5.83095189485	5.38516480713	3.0	0.0	3.0	3.0	3.16227766017	3.0	3.0	1.41421356237	3.31662479036	4.35889894354	3.31662479036	2.0	3.16227766017	4.24264068712	2.2360679775	2.2360679775	2.44948974278	3.0	3.0	5.83095189485	3.16227766017	3.0	3.0	3.0	3.0	3.0	3.0	3.0	0.0	0.0	2.0	0.0
stool.control.40C.2	12.409673646	6.63324958071	6.2449979984	8.88819441732	4.24264068712	4.24264068712	3.0	3.0	3.0	0.0	5.83095189485	5.83095189485	5.38516480713	3.0	0.0	3.0	3.0	3.16227766017	3.0	3.0	1.41421356237	3.31662479036	4.35889894354	3.31662479036	2.0	3.16227766017	4.24264068712	2.2360679775	2.2360679775	2.44948974278	3.0	3.0	5.83095189485	3.16227766017	3.0	3.0	3.0	3.0	3.0	3.0	3.0	0.0	0.0	2.0	0.0
stool.control.40C.4	12.8840987267	6.0	5.9160797831	9.53939201417	3.16227766017	3.16227766017	1.0	1.0	3.60555127546	2.0	5.09901951359	5.09901951359	6.40312423743	1.0	2.0	1.0	1.0	1.41421356237	1.0	1.0	2.44948974278	1.73205080757	4.79583152331	3.87298334621	0.0	1.41421356237	3.16227766017	1.0	1.0	1.41421356237	1.0	1.0	5.09901951359	1.41421356237	1.0	1.0	1.0	1.0	1.0	1.0	1.0	2.0	2.0	0.0	2.0
stool.control.40C.5	12.409673646	6.63324958071	6.2449979984	8.88819441732	4.24264068712	4.24264068712	3.0	3.0	3.0	0.0	5.83095189485	5.83095189485	5.38516480713	3.0	0.0	3.0	3.0	3.16227766017	3.0	3.0	1.41421356237	3.31662479036	4.35889894354	3.31662479036	2.0	3.16227766017	4.24264068712	2.2360679775	2.2360679775	2.44948974278	3.0	3.0	5.83095189485	3.16227766017	3.0	3.0	3.0	3.0	3.0	3.0	3.0	0.0	0.0	2.0	0.0