Eigvals	78
1.7413649735131345	0.4594813109565136	0.37736358169783657	0.1435102508131196	0.12287488279773626	0.10542183784731696	0.09418558173733355	0.08514313670668089	0.07493890733652446	0.06805945613880274	0.05895321754987984	0.049673975013622446	0.04320644492761147	0.03985757567555104	0.03454051452262924	0.02994299302441728	0.02765612082758428	0.026539575546304376	0.023836703979572948	0.0213903818911813	0.018319318681038584	0.017163072873641255	0.015593914083546278	0.014927693660936697	0.0148574209076744	0.011879808023675286	0.01057682576848579	0.01026726740456101	0.00767896712560848	0.007316415697315445	0.006534617200838148	0.005265923246766436	0.004811579346666452	0.004639011969604336	0.003967706875403407	0.003369004461296062	0.0023638922459679433	0.0018852284155007303	0.0016964626141640037	0.0015327154106836542	0.0007133555759696424	0.00043290256391528836	0.00035105555840043295	3.808164694914587e-05	0.0	0.0	0.0	0.0	0.0	0.0	0.0	0.0	0.0	0.0	0.0	0.0	0.0	0.0	0.0	0.0	0.0	0.0	0.0	0.0	0.0	0.0	0.0	0.0	0.0	0.0	0.0	0.0	0.0	0.0	0.0	0.0	0.0	0.0

Proportion explained	78
0.45896368378795377	0.12110340928867268	0.09946001109350393	0.03782434720829404	0.03238557666638213	0.027785556609931417	0.02482406744788701	0.0224407911417456	0.019751308596052886	0.017938122783675	0.015538032698141562	0.013092344745310779	0.011387727115787389	0.01050508080566378	0.009103687065242134	0.007891939134619271	0.007289198581216952	0.006994915795467318	0.006282532171160189	0.005637766131588989	0.004828339902445804	0.004523593428731657	0.004110017349216695	0.003934424648073304	0.003915903176585269	0.0031311072269012623	0.002787686091844421	0.002706097195079341	0.0020239106064856654	0.0019283545676179177	0.0017222994767088565	0.0013879155539717853	0.0012681661888081007	0.001222683386361313	0.001045750541342334	0.0008879532560799086	0.0006230403791219036	0.0004968811199953863	0.0004471289721846357	0.00040397086296431727	0.00018801590015743767	0.00011409816923959866	9.252612447615915e-05	1.0037007309978747e-05	0.0	0.0	0.0	0.0	0.0	0.0	0.0	0.0	0.0	0.0	0.0	0.0	0.0	0.0	0.0	0.0	0.0	0.0	0.0	0.0	0.0	0.0	0.0	0.0	0.0	0.0	0.0	0.0	0.0	0.0	0.0	0.0	0.0	0.0

Species	0	0

Site	78	78
stool.ASD.1.1	0.12332849036720352	0.036419384972965714	0.11683974426033687	0.01377071486097509	0.023216870185346013	0.011353322820733659	0.038836193243695145	0.046876444363543324	-0.04073591946627906	0.03766057561545622	0.024457973092506923	0.010483611631209517	0.012215331302851762	0.005124708808989774	0.043523596002408	0.012773546310748058	-0.01913834881772075	0.03577879738735438	0.020689477217021173	0.0189101275866609	0.0033359011960420936	0.006692375016201003	-0.015177685252216284	-0.03916491498433496	0.02371733837882544	-0.005989226225886934	0.009263602064241809	0.011071418653429291	0.0075004306098974275	-0.016003884835522578	-0.0003668898753506845	0.003173283286788379	-0.0007919450876766396	-0.008046804744438975	-0.010023855608392501	-0.006408397362662443	-0.0029299818506878022	0.004565859686217384	-0.0047710643235501496	0.006193746715373828	-4.519957956153729e-05	0.0008732899867199097	-3.768649838165343e-05	-0.00020451014150201887	-0.0	0.0	0.0	0.0	0.0	0.0	0.0	0.0	0.0	0.0	0.0	0.0	0.0	0.0	0.0	0.0	0.0	0.0	0.0	0.0	0.0	0.0	0.0	0.0	0.0	0.0	0.0	0.0	0.0	0.0	0.0	0.0	0.0	0.0
stool.ASD.12.1	-0.02834293709306216	0.02361005909783323	0.04301603091082096	-0.06527582678316757	-0.014736498155438626	-0.015344746039969135	-0.00854386470544526	-0.026279158704662884	-0.013779161952220386	-0.03129135272380371	-0.0160466905347018	-0.00957997489112874	-0.045518480064277535	-0.010790651508687701	-0.017373332778038087	0.0034507369707712328	0.007313017559424078	0.0016127983004357424	0.032338465558601454	-0.00749805257190561	-0.007466105416556291	0.004617080949914851	-0.008084330385096428	-0.00864010972941462	0.0008454938120860245	-0.0013452409273332295	0.013894563356759985	-0.004958925650387423	-0.007410229938877851	0.005439310005079342	0.00553349898572448	-0.00664175952637198	-0.0008137369225835147	-0.008810286582383555	-0.00237101265157732	-0.006632621872215895	-0.005519936335685598	-0.002688483334496198	0.003187452339165794	-0.0005535909966852035	0.004130726406133851	0.007812410692359885	-0.00342704897640208	0.002389600746372719	-0.0	0.0	0.0	0.0	0.0	0.0	0.0	0.0	0.0	0.0	0.0	0.0	0.0	0.0	0.0	0.0	0.0	0.0	0.0	0.0	0.0	0.0	0.0	0.0	0.0	0.0	0.0	0.0	0.0	0.0	0.0	0.0	0.0	0.0
stool.ASD.12.2	0.14908488107599308	-0.06168552103473411	-0.040018428167690176	0.03534490079796245	-0.030199317803053384	-0.03268059721484143	-0.0349855518474851	-0.06212866054625219	-0.017831661732800607	-0.05053000888215688	-0.010862186170243695	-0.030312440068799774	-0.02903204518901211	-0.0028942470365860987	0.04076821954410523	0.008858884000787014	0.011973814735961623	0.005139557299719884	-0.023211913730696667	-0.00926910794426315	-0.020588813349465836	-0.015658964841189008	0.0085131345327717	0.0013751844900758102	0.010002369007496095	0.012058732359148703	-0.005429016299883167	-0.010867216341134914	3.0200726482516233e-05	0.009635420955515001	0.019854446030196513	0.013831040431939829	0.0016956373806151044	0.004262197404124448	0.0009947783229489243	1.5348287524335977e-05	0.0006651674533514398	0.0069159035108091816	0.00543300430208737	-0.0009614819783288175	-0.0036695901266457997	0.0033096821360933514	0.0028388424617909152	-0.00064008972753911	-0.0	0.0	0.0	0.0	0.0	0.0	0.0	0.0	0.0	0.0	0.0	0.0	0.0	0.0	0.0	0.0	0.0	0.0	0.0	0.0	0.0	0.0	0.0	0.0	0.0	0.0	0.0	0.0	0.0	0.0	0.0	0.0	0.0	0.0
stool.ASD.14.1	0.10180171284519807	-0.00697251908353426	0.02926545078911947	0.029921855111612695	0.017245651754502326	-0.04882841922347693	0.0032687872868201588	0.023598297161942117	-0.04320446452227061	-0.006464671675134999	-0.068261889291624	0.0243706316076831	-0.010132556029739411	-0.00548232941573981	-0.04574237922998302	0.0002858579450431515	-0.011731499121738188	-0.002132116670725307	-0.004211244656999351	0.008181199679201914	0.02967930769710867	-0.004036805878364301	-0.00960365086139814	-0.008841933262774337	0.017463190725292572	-0.012908057309755552	-0.0056715035804947925	-0.00029134356922331476	-0.007807484118729617	0.009097854060006601	0.008323780023337956	0.014235787284402045	0.013789232292837033	0.005386795171014185	0.008421991287532625	0.015783136826099692	-0.005816523388442893	-0.0030227563748635544	0.004817928040193838	0.0006321877620742035	-0.003781216573079442	0.00047732684029124655	-0.0015677923113684477	0.0004328233070527199	-0.0	0.0	0.0	0.0	0.0	0.0	0.0	0.0	0.0	0.0	0.0	0.0	0.0	0.0	0.0	0.0	0.0	0.0	0.0	0.0	0.0	0.0	0.0	0.0	0.0	0.0	0.0	0.0	0.0	0.0	0.0	0.0	0.0	0.0
stool.ASD.14.2	0.16629047799611935	-0.0353336881604308	0.08454378221085691	0.06227098941306566	0.06518061026864029	-0.01993203252860495	-0.026757875420116824	-0.02521546281499978	-0.0712091166222246	0.02006562694601555	-0.033105529099248014	0.01770952707445145	-0.015425156907838846	0.02510442683469749	-0.012583133874794407	-0.0019464997879497657	0.03506385317796476	-0.0013516954549555238	-0.013032900025569446	0.0070615794520773765	0.007706152381227079	0.008402579414140094	-0.014234604056262787	0.00329598099131449	0.0006570213493792012	0.013370821802014606	-0.0010549158618098776	0.021810867839741416	0.008246986013034235	0.007596961630558402	0.011364303919582668	-0.01568566813195817	-0.0032838904562110085	-0.004777387382615897	-0.0024708664283439293	0.0009439856962986914	0.003407204063981173	-0.0015840775159388202	-0.01074462845005439	-0.0008302546901175647	0.0038939132767264214	0.0016651392676673333	0.002176469172365036	-0.0010224426254306024	-0.0	0.0	0.0	0.0	0.0	0.0	0.0	0.0	0.0	0.0	0.0	0.0	0.0	0.0	0.0	0.0	0.0	0.0	0.0	0.0	0.0	0.0	0.0	0.0	0.0	0.0	0.0	0.0	0.0	0.0	0.0	0.0	0.0	0.0
stool.ASD.14.3	-0.024752913518599644	0.10276393737664083	-0.07260595435157514	-0.01866893800878602	-0.017066088525477464	-0.017099836506033767	-0.048319960442461805	-0.002262291586428706	-0.06654980167872677	0.020224976047078503	-0.03984184179412734	0.034803449678634225	-0.025607011080846075	0.017833810334648485	0.017974176372014348	0.04085483449713078	-0.0031282237931148822	-0.007116254253661642	-0.005241591028387914	-0.003113511812467127	0.038362170597398125	-0.022507484368855527	0.009555728578742553	-0.00041041930645583627	-0.005211311318732673	-0.0009596540854077876	-0.00676651722791432	0.022442467615383536	-0.0025110120346316985	-0.014011761458748875	-0.004315921342900949	0.00040630849520071716	0.0009259850099836679	-0.0012658606759250652	0.0050937048890029556	-0.011475492831847985	0.00048397227855662145	-0.003537242080840827	0.002687434438119363	-0.0004698655858268717	-0.00032835131428171366	-0.0008585417342628504	-0.0016435210397605874	-8.606132990772215e-06	-0.0	0.0	0.0	0.0	0.0	0.0	0.0	0.0	0.0	0.0	0.0	0.0	0.0	0.0	0.0	0.0	0.0	0.0	0.0	0.0	0.0	0.0	0.0	0.0	0.0	0.0	0.0	0.0	0.0	0.0	0.0	0.0	0.0	0.0
stool.ASD.19.1	0.009879535256175884	0.10698139838620843	0.05090748749841234	-0.05716227683458812	0.036709870174352816	0.0350248073794643	-0.03999883402687542	-0.027658013558191315	-0.03629169466785307	0.07225868901102883	0.037193863245304555	-0.039102844454359784	0.0006325607410323639	0.019750299063675543	0.013888919518014294	0.023394486222810453	0.020520872665788174	-0.012231194971791561	0.004823497559635819	0.016462830959587452	-0.012181307472245745	0.024630133165501986	0.019781535681760262	0.014645256744824134	0.005661551382476618	-0.0033512443359461365	0.01745442095004779	-0.005118394024975015	-0.00020453200889662893	0.010817582217930256	-0.007221411120652786	0.0007082331715107745	-0.011803114200255664	0.008140960813126605	0.002585256802871973	-0.003239100809173608	-0.0074576491859171395	-0.0005675899218270396	0.0036045166884027973	-0.005883518432589134	-0.004285801408425249	-0.001189332090884574	0.0004575113053947138	-8.826788825207404e-05	-0.0	0.0	0.0	0.0	0.0	0.0	0.0	0.0	0.0	0.0	0.0	0.0	0.0	0.0	0.0	0.0	0.0	0.0	0.0	0.0	0.0	0.0	0.0	0.0	0.0	0.0	0.0	0.0	0.0	0.0	0.0	0.0	0.0	0.0
stool.ASD.22.1	-0.16257896816753992	-0.07227898515175497	-0.051392038234264	-0.09698625342123518	0.08666165034312791	0.025034062443279742	-0.004430517250235162	-0.015946018180177695	0.03171133361010902	0.03007441296660829	-0.025369921236785754	0.026979152819822185	0.009903121499508411	0.012558650981964514	0.01996690276304708	0.019626427842654642	0.010873067317168122	0.014557583178109642	-0.002362995738452002	-0.009394500296168735	0.016919751754106444	-0.012690316159165793	0.004091060295008494	-0.002755592096883214	-0.00038817356128526036	-0.013419851310880096	-0.0016527504959450027	-0.010410888781172993	0.00492193609985468	0.008267958186521974	-0.0024668545318983926	-0.0051971654848500075	0.012329508251541802	-0.006465513553959832	0.0014607129810337016	0.005748587756720232	0.0074863419485457884	0.0034917926860454436	0.0015396700601016894	-0.0017002732706414639	-0.002162356699197512	0.003142327375898038	-0.0005565433294076493	-0.0003095721504433232	-0.0	0.0	0.0	0.0	0.0	0.0	0.0	0.0	0.0	0.0	0.0	0.0	0.0	0.0	0.0	0.0	0.0	0.0	0.0	0.0	0.0	0.0	0.0	0.0	0.0	0.0	0.0	0.0	0.0	0.0	0.0	0.0	0.0	0.0
stool.ASD.22.2	-0.13669364293540281	-0.04405442918245124	-0.016327557551443873	-0.0889600427550248	0.03581175438100758	0.004830605246617147	0.015253275553791102	0.009824164774760117	0.015548582605155379	-0.014298424468929661	-0.022696873631149056	0.016892872623957847	0.011239981950596226	0.003501269974535166	0.0347842755020341	0.04731771541216177	-0.0289772263889387	-0.05069714323261671	-0.0009021447907684567	-0.031575255389807	-0.01228846808520228	0.003729384989565235	-0.015180307777102267	-0.008166399607936794	0.012512634861994092	0.02445203722007233	-0.002265562546447767	0.008071632474816265	-0.00798083743490491	0.004133216693759996	-0.0059981179023226435	-0.003431738884591757	-0.005651279700842074	0.0009832689120724022	-0.0027260582304676224	0.004751035472460986	0.0007727565908362132	-0.005132198198785879	0.004025202123223096	0.000774414013743556	0.0034548295581138815	-0.0006959399466024224	0.003065839641748678	0.0005469720954376778	-0.0	0.0	0.0	0.0	0.0	0.0	0.0	0.0	0.0	0.0	0.0	0.0	0.0	0.0	0.0	0.0	0.0	0.0	0.0	0.0	0.0	0.0	0.0	0.0	0.0	0.0	0.0	0.0	0.0	0.0	0.0	0.0	0.0	0.0
stool.ASD.22.3	0.10526024897076343	-0.05881527679462097	0.04214330669565471	-0.054893790186674306	0.014553564951479058	0.034244298010334566	-0.05482187861357277	0.049036708565387055	0.0506033665616824	0.042861922146870846	0.04999322129087927	-0.020898526871418972	0.0028772334256988376	0.004249126498453447	-0.0159073112077872	0.0029127967912739466	0.002847619366461098	0.019696126039227806	0.016000301480390305	-0.03962506096223641	0.0020476984540041022	0.00953303194484639	-0.01396613541795426	-0.011808741786983771	-0.00022395922635735493	0.017534712034543397	-0.013964436423063335	0.004061243670839336	-0.005415948595697754	0.00497912761679135	0.013796478783825962	0.0018948225566531606	0.004560675358699732	-0.0025581748866094467	0.007301065308648188	0.0022625640189880155	0.008691617650104573	8.222163817874718e-05	0.0066096582564297325	-0.011349125597052635	0.001409844760228879	0.0008431950962068231	0.0011306337117022666	-0.0004544821146007609	-0.0	0.0	0.0	0.0	0.0	0.0	0.0	0.0	0.0	0.0	0.0	0.0	0.0	0.0	0.0	0.0	0.0	0.0	0.0	0.0	0.0	0.0	0.0	0.0	0.0	0.0	0.0	0.0	0.0	0.0	0.0	0.0	0.0	0.0
stool.ASD.24.1	0.006853246631984582	0.011979971596127492	-0.03641495463217852	-0.04094573860826646	-0.010973501235582162	0.023255986364058033	0.01004264483519715	0.035371679313082126	0.0009859106096286256	-0.030301349986776627	-0.004207315814735025	0.000873732015642273	0.0022525348821571963	-0.006702079564895456	0.017761126414522193	-0.01243736792039767	0.03628102293366579	0.0016241858246402222	0.0004798433874149624	0.04308857099180317	0.014541301122625777	1.2964856773531763e-06	0.024198493287572957	-0.002855398236729792	-0.007096264757709657	0.01648371613957084	0.007525599510164509	-0.015343386548673787	0.009692824276340368	-0.0061270985518259114	0.0004554988633722921	0.002057977414946051	-0.013359756452613664	-0.004060108972344302	-0.012953218643843831	0.009842449342293606	0.006306508838480217	0.0010494456990580443	0.0003320617856306596	-0.005557255837140959	0.0059900873993389385	0.001223546365731365	0.00026749574016562256	0.000321306495944885	-0.0	0.0	0.0	0.0	0.0	0.0	0.0	0.0	0.0	0.0	0.0	0.0	0.0	0.0	0.0	0.0	0.0	0.0	0.0	0.0	0.0	0.0	0.0	0.0	0.0	0.0	0.0	0.0	0.0	0.0	0.0	0.0	0.0	0.0
stool.ASD.24.2	0.09134669687061418	-0.04299839393959255	0.0063067042366281145	-0.03747716477588877	0.0044925899626379485	0.0228262133027503	0.018440153907725684	0.03219370915367288	0.007262759729517227	-0.015616919016076673	0.0020243933189571972	-0.0247652700780948	-0.016387429750146388	-0.01335756744267825	-0.00763794893075423	-0.02878327136422555	-0.016478760392976296	-0.006386608988014157	0.005526412130004248	0.005929352160562129	0.014637222949123589	-0.00043956166805733947	0.016827340272324066	-0.013464573775452605	-0.02062635553385597	-0.0026940114175624066	0.0009746448783513103	-0.001272194963720856	0.013405879689935785	0.0031126495508104414	0.025932524382065485	0.00020864121485675218	-0.013880037740565931	-0.006381227522745253	-0.0026031537919075014	0.018254355469539834	-0.0023930282209562444	-0.00015160085752264903	-0.0033774922692234844	0.003404441583237882	-0.0034031880294485973	0.0006525793819977044	-0.002767945490790445	0.0002596797760641043	-0.0	0.0	0.0	0.0	0.0	0.0	0.0	0.0	0.0	0.0	0.0	0.0	0.0	0.0	0.0	0.0	0.0	0.0	0.0	0.0	0.0	0.0	0.0	0.0	0.0	0.0	0.0	0.0	0.0	0.0	0.0	0.0	0.0	0.0
stool.ASD.25.2	0.028940030302904072	0.058752868602543515	-0.02357010340196225	-0.00896911117810317	-0.002809553233033195	-0.012903852727502833	0.030361551081542367	0.012480449618689231	-0.0027664795194879657	0.0365708878285141	-0.03398652679704201	0.013946838422403962	-0.0010130270508665697	-0.008278403568977877	-0.009380928945760177	0.016527207005975576	0.028351792249650058	-0.013904252470184194	-0.0040863578422922625	0.01340977573761643	-0.022705002307830464	-0.003241507186304226	-0.004273543650928137	0.001158037102322536	0.02099453675842815	0.007569766901684662	-0.015937915265077044	-0.006015365573956527	-0.030977267808836157	-0.0045620690313937055	0.002672435317972784	0.00708737870327543	-0.007961730255688176	0.0027119817217967092	0.005222403095219762	0.004276181881139337	0.0034645068221242363	-0.0059367428011162255	-0.006928211082216345	-0.0014091798553779974	-0.001231196363047401	-0.0021634556215542923	-0.0011353311127503668	0.00021706334167732102	-0.0	0.0	0.0	0.0	0.0	0.0	0.0	0.0	0.0	0.0	0.0	0.0	0.0	0.0	0.0	0.0	0.0	0.0	0.0	0.0	0.0	0.0	0.0	0.0	0.0	0.0	0.0	0.0	0.0	0.0	0.0	0.0	0.0	0.0
stool.ASD.27.1	0.2158368653723359	-0.07047765494107983	0.07366527267469741	0.06264764426781541	-0.0020271571191595034	0.009425856852812298	0.09780432646707848	-0.04842825355388834	-0.007401962874012397	0.01404008867607197	0.03815741843483254	-0.031164794174885567	0.008898706418778208	0.00888115092573886	0.026133945043235064	0.038547258562798316	0.01315715936399718	0.01900627317926406	-0.001537811462966981	0.003625108361685163	0.002059506801792397	-0.0026450634835534447	-0.028916160983050634	-0.016955581091338635	-0.015076329387678467	-0.01277334623751868	0.008521269225241912	-0.011940215680675275	-0.007485220823477335	-0.008808850782967673	0.010766543022334926	-0.008662983551857783	-0.0001681789333193514	0.00038113836018281255	0.011024612367085258	0.00040194320761467397	0.0006869154950363067	-0.0063224932310526685	0.004173698250162043	0.0007595203840120522	-0.0033685905801653223	0.00044347478053847236	-0.001590151873060075	-0.0003974798405539051	-0.0	0.0	0.0	0.0	0.0	0.0	0.0	0.0	0.0	0.0	0.0	0.0	0.0	0.0	0.0	0.0	0.0	0.0	0.0	0.0	0.0	0.0	0.0	0.0	0.0	0.0	0.0	0.0	0.0	0.0	0.0	0.0	0.0	0.0
stool.ASD.27.2	0.04660237948043765	0.047149162410380425	0.021244611090379818	-0.01170690024298839	-0.028017167412893486	0.007323984383740734	0.04765217683110994	0.01084205392325347	-0.007751310984629367	0.01657870348768413	0.0022905299382424108	0.010542739239071867	0.005024721469285207	0.01102452492696332	-0.008548861118157959	0.007476383794981023	-0.007490239955944457	0.004161171204294384	-0.00865777830982562	0.010837448370270347	-0.007543070324573327	0.00029375844961031575	0.022510291342723282	0.0009063330738472048	-0.0005506548009047358	-0.00207619354489418	-0.01583450273973346	0.005041205257979692	-0.0038054908638286253	0.011389167971800293	-0.021123401868217706	0.009510400479187484	-0.009436703898950538	-0.01102715476261736	0.013158405567928362	0.004587921135837346	-0.00046749317529788935	-0.004507974025107282	0.011307107153158568	0.01137071618497299	0.0036144945961835272	0.002024575402541315	-0.001294195044390258	-0.001791592853167965	-0.0	0.0	0.0	0.0	0.0	0.0	0.0	0.0	0.0	0.0	0.0	0.0	0.0	0.0	0.0	0.0	0.0	0.0	0.0	0.0	0.0	0.0	0.0	0.0	0.0	0.0	0.0	0.0	0.0	0.0	0.0	0.0	0.0	0.0
stool.ASD.3.1A	-0.10344252780883648	0.08553374314277769	0.021041669740040958	0.08909984555900671	0.03211177902546866	0.017310683620458504	-0.011563194327449358	-0.012986838941814472	-0.004971281867644905	-0.018735415869183727	0.022203790105581715	-0.015868938906383863	0.04132649601672106	-0.010216858980844656	-0.029717315229052712	0.01664157504178393	-0.030158611666160302	-0.0011987199664127638	0.03010110709843169	0.010774353886200965	-0.017265382232264512	0.014515961670979944	0.024153260176420027	0.006556987125485617	-0.010195001453690589	0.007222620735095865	-0.00823971093123777	0.021208693069163922	-0.010939268763715338	-0.00945035681228186	0.01596217292166661	-0.0024367907584062435	0.0008620927501300495	0.002665670037621423	-0.005351782257689263	0.002245818674591964	-0.010172301372868647	-0.007721314303226877	0.0020150430234526775	-0.0003101022479933052	0.0017497870640687386	-0.0019924972355415153	-7.249318182700221e-05	-0.0004637258724968496	-0.0	0.0	0.0	0.0	0.0	0.0	0.0	0.0	0.0	0.0	0.0	0.0	0.0	0.0	0.0	0.0	0.0	0.0	0.0	0.0	0.0	0.0	0.0	0.0	0.0	0.0	0.0	0.0	0.0	0.0	0.0	0.0	0.0	0.0
stool.ASD.3.1B	-0.00082610948509344	0.08229030827014008	-0.0918238191017924	-0.017549147413850583	0.01883148142860627	0.01027360967906101	-0.003412103300711925	-0.01910016370258586	-0.0012817848333141115	-0.0659942112899668	0.02496045252320394	-0.017795010627526284	-0.0008185905987692359	-0.019107370177897577	0.014086281360045142	0.01041973233339431	-0.019481383346469597	-0.0027944541900168304	0.03389893291429723	0.021932161000866625	-0.003278246873439903	0.04003001972659947	-0.02641430024440372	0.01383000624931608	-0.015681467224936105	-0.010162574663326549	-0.0033037681379881204	-0.0054676646806999145	-0.008033065634360674	0.015439269366082543	-0.0040644311913493585	0.009343976445727908	0.0032015881890838744	-0.007633149224513199	0.006899572974304561	-0.010976836952270324	0.004714463671281152	0.00134693916560232	-0.002907786993694358	0.00022259952373122582	0.00263745807112508	-0.0008566153192486441	-0.002613373964868062	-0.0003220613588293461	-0.0	0.0	0.0	0.0	0.0	0.0	0.0	0.0	0.0	0.0	0.0	0.0	0.0	0.0	0.0	0.0	0.0	0.0	0.0	0.0	0.0	0.0	0.0	0.0	0.0	0.0	0.0	0.0	0.0	0.0	0.0	0.0	0.0	0.0
stool.ASD.4.1	0.17192533112334055	-0.030795868937844365	0.12171523528192564	0.06769116695689784	0.027542610340501896	0.04323684392741305	-0.01626087970983557	0.002923141265900518	0.002714540151379024	-0.03251877936719632	0.009895059606066469	0.031144495436111037	-0.0579068925898841	-0.00815350894456943	-0.023207063136371258	0.014793924524248749	0.021389938106831957	0.010827906910446083	0.008644462186671188	-0.013594443803104716	0.010426027268912556	-0.010388321885831851	0.002398730416609157	0.030829327003020116	-0.0030357825217165848	-0.0030549038897936453	0.008730583664099761	0.006495109528690382	0.01060516372987807	-0.01448906676776025	-0.016056327063507982	0.010247052882214652	-0.00740767532962413	-0.00934987345310987	0.0022143931355509527	-0.007046405725628905	0.0011381950448392736	0.006454543698854747	0.00680398968334937	0.00449409285649565	0.0003098852878806309	6.19749205119827e-05	0.0022567738534633765	0.00046755993248943017	-0.0	0.0	0.0	0.0	0.0	0.0	0.0	0.0	0.0	0.0	0.0	0.0	0.0	0.0	0.0	0.0	0.0	0.0	0.0	0.0	0.0	0.0	0.0	0.0	0.0	0.0	0.0	0.0	0.0	0.0	0.0	0.0	0.0	0.0
stool.ASD.6.1	-0.011540043364432689	-0.04743540481078028	0.01912551773232653	-0.07817582522972365	-0.04851389824746333	-0.04800669226694757	0.021386939930127403	0.011444574459580964	-0.00906776538377591	-0.05700425597143178	0.010892913767477648	0.010557966366874583	0.015081465697775263	0.01563851609426084	0.01224369324664877	-0.040537664908765696	0.0410143834265997	0.05199469121078749	-0.02588189843011094	-0.013323139081771355	-0.004079572239604407	0.012642905167446648	0.013511278419088312	-0.005994702289874543	0.01592609402703217	0.014653864176456035	-0.005672496826242675	0.034347819094539656	-0.003927283841460176	0.015129480190633947	-0.0034482940250954186	0.00032195634331800015	0.004477647477591028	-0.003194730417684144	-0.006951682277066869	-0.014502210754234166	0.000922201598207306	-0.004365152715517986	-0.0019940581450852953	-0.0012676383518831359	-0.0014435278882809536	-0.002208773147262546	-0.002983169526987874	0.00036752810595410264	-0.0	0.0	0.0	0.0	0.0	0.0	0.0	0.0	0.0	0.0	0.0	0.0	0.0	0.0	0.0	0.0	0.0	0.0	0.0	0.0	0.0	0.0	0.0	0.0	0.0	0.0	0.0	0.0	0.0	0.0	0.0	0.0	0.0	0.0
stool.ASD.6.2	0.02275513131946821	-0.05655147737064507	0.11283298066435692	-0.059302727025901975	-0.06436075808120878	0.001727266548517949	0.029981497572533187	7.832286163135998e-05	0.007553479173413679	0.01794664116630202	0.04396600828935843	-0.023462231372704794	0.04698815517216709	-0.024100642635695498	0.011071809841208214	-0.0036050221870681945	0.0008746179304881136	0.001136016761891966	-0.01657118611811172	-0.0008154798366319506	0.012559916133296448	-0.015147622705753996	-0.016860268785896724	0.03512189396016917	0.00863842431678679	-0.016638655404166158	0.00016182900120635159	0.010013257610406615	0.014327383017597332	0.008608952525066032	-0.001684961373111824	0.008066000637226976	0.01127861930509711	0.0009599360876778726	0.009379907086176989	0.0016852093695650164	-0.008314173449086618	-0.002313362191986063	-0.0007161395850544172	0.006310096782922805	0.002300733944412957	-0.0007950489072580485	0.003516175776687196	0.0004422966726898975	-0.0	0.0	0.0	0.0	0.0	0.0	0.0	0.0	0.0	0.0	0.0	0.0	0.0	0.0	0.0	0.0	0.0	0.0	0.0	0.0	0.0	0.0	0.0	0.0	0.0	0.0	0.0	0.0	0.0	0.0	0.0	0.0	0.0	0.0
stool.ASD.7.1	0.12531628872336387	0.026797539449108718	0.09542206281393469	0.021998733587946604	0.03925280046288549	0.012406145397901145	-0.0047442931120774655	0.028773266890373857	-0.009338846896704344	-0.00027914980252127694	0.012718769416654972	0.0256354418762698	-0.01763309763115292	-0.01604633219062488	0.010083789595011697	-0.02906179306743092	-0.010295845829000689	0.008351803627418414	0.009974886902393162	-0.004918478755999441	0.008593251944557274	-0.014524534266001917	0.00350804652659132	0.0016897940011249468	0.008222555158973336	0.00764079233000813	-0.004794463404525913	-0.020761646950303313	-0.0036033531938090475	-0.0020072032745300688	0.0012849236895126522	-0.010475593696201503	-0.007143908957776376	0.011865929496378567	0.010240903444144552	-0.004803014604982164	0.013486963189805586	-0.00744276693269176	0.0015925443487412624	-0.003807247985529092	0.004643506868773296	0.0030599239693805597	-0.0008226675039103924	-0.0008220954362423609	-0.0	0.0	0.0	0.0	0.0	0.0	0.0	0.0	0.0	0.0	0.0	0.0	0.0	0.0	0.0	0.0	0.0	0.0	0.0	0.0	0.0	0.0	0.0	0.0	0.0	0.0	0.0	0.0	0.0	0.0	0.0	0.0	0.0	0.0
stool.ASD.7.2	0.12340089269624287	0.033679045786189334	0.10984342786755177	0.06373453607698978	0.04905676391098651	-0.016460014189105733	-0.04601435121502297	0.051778508294786176	-0.011676889144404292	-0.05508140077027883	0.018840458785649862	0.05842543159410004	0.027321810764595625	-0.03218586132437464	0.025801780935518333	-0.030066836540408218	0.010603561876747183	-0.005790807053090211	0.029124690648484806	-0.009613813904622683	0.00018617643193278416	0.003512590569331392	0.0101433069476176	0.013667730288162885	0.007973313369060049	-0.009674812086374305	-0.005556355076098018	-0.006103666982912305	-0.005800222456999056	0.011331414730706679	0.00021368060573217324	-0.003704927477394099	0.0044088393812924615	0.01086159989511413	0.003813097959031391	0.0016208604943798467	0.0002141565649515726	-0.003982464647583604	-0.0014835242371736303	0.001971113112682466	-0.002337068996808451	-0.00022326990381711884	3.357192118357112e-05	0.0001424955878313262	-0.0	0.0	0.0	0.0	0.0	0.0	0.0	0.0	0.0	0.0	0.0	0.0	0.0	0.0	0.0	0.0	0.0	0.0	0.0	0.0	0.0	0.0	0.0	0.0	0.0	0.0	0.0	0.0	0.0	0.0	0.0	0.0	0.0	0.0
stool.ASD.7.3	-0.003947228653882428	0.11173501295492796	0.001706795184213836	-0.02442444348497869	0.0441309856742032	0.03050725719228497	-0.027930076540007426	-0.03687453642994503	0.01698721658238708	-0.017925222677351683	0.005386704922632141	0.01712973935175709	-0.021405506193313467	-0.040605814086376535	-0.012338033790963458	0.006954162297351141	0.0016279474058351286	0.016530506306664545	0.021517049982007153	0.0013160835711019496	0.017966628226836888	0.0001832535896842585	-0.01847335837619862	-0.004262470676533415	0.0004967322064072351	0.00568701525909564	-0.006667731432160991	0.012207860730733757	0.0042852393798506905	0.0066957816737275655	-0.011708560431985305	-0.014310776108320182	-0.010662740629033761	0.015259144960360203	0.0049084473541931945	0.011494979034338744	-0.006019543149469197	0.0033231704249219707	0.0014587411678020424	0.0014434572288763853	-0.00471077056401081	-0.0020149754088394072	-0.0014836537029872608	0.0010577413744423418	-0.0	0.0	0.0	0.0	0.0	0.0	0.0	0.0	0.0	0.0	0.0	0.0	0.0	0.0	0.0	0.0	0.0	0.0	0.0	0.0	0.0	0.0	0.0	0.0	0.0	0.0	0.0	0.0	0.0	0.0	0.0	0.0	0.0	0.0
stool.ASD.7.4	0.16559449472022167	-0.013367249440872744	0.003887814758274927	0.003597448722528749	0.022928498082730543	-0.02327850809292561	-0.017609460895009803	-0.07787827885221747	0.033451592398870335	0.0765193357824015	-0.027258574291792056	-0.035999530719333483	0.009912130174748025	-0.049224526392337487	-0.009780126202774178	-0.031086749858444198	0.006355703432350313	0.007216681956456996	-0.01461815127375486	-0.00942479072212982	0.006049389283408569	-0.00775003047183642	0.007383319153067919	0.028529421894320086	-0.012260385531828859	0.0036934553544790845	-0.0040018738368732135	0.00679514609880827	0.0014327133317125931	-0.0035434419438252346	-0.006284855755516645	-0.005883856106668952	0.0029698302211544096	0.003737906235617213	-0.00238967643019758	-0.0032758756873740996	0.0014244314920680925	-0.001481989282281044	0.00019609170914851356	0.0038296571776871933	-0.003908872346922478	0.0013602071262481445	-0.00209319325241126	7.229290139659985e-05	-0.0	0.0	0.0	0.0	0.0	0.0	0.0	0.0	0.0	0.0	0.0	0.0	0.0	0.0	0.0	0.0	0.0	0.0	0.0	0.0	0.0	0.0	0.0	0.0	0.0	0.0	0.0	0.0	0.0	0.0	0.0	0.0	0.0	0.0
stool.ASD.8.1	-0.22181702327761074	0.11865512665923986	-0.043918165325369664	0.06190941300860228	-0.07026387096751602	-0.02300272392575008	-0.06983044159747752	0.07896148149371048	0.010667168132830066	0.01657395608487881	0.01741911066314317	-0.04030533757683406	-0.0010587985245549142	0.032407725140167494	-0.009093491656400575	0.006232395719546977	0.030023324183267974	-0.021351931622770454	0.02363617114620377	-0.029203833757233028	-0.003052816844795496	0.0023939352027958654	-0.004695971476127733	0.010761912074101078	0.012968164742597273	-0.010051674619904725	0.0015464039519675742	0.003654851224484792	0.0021101641588749808	-0.005686413628504826	0.006832211458694372	-0.009107028609500628	0.004414825520539055	-0.002207311164467092	-0.003050659241043138	0.001679808871023893	-0.0003446010065111201	0.0048799545994181286	0.0018719565810011054	0.002868789520217975	-0.000989333591423174	0.0002650590608313644	-0.0015271087568423161	8.140182568904107e-05	-0.0	0.0	0.0	0.0	0.0	0.0	0.0	0.0	0.0	0.0	0.0	0.0	0.0	0.0	0.0	0.0	0.0	0.0	0.0	0.0	0.0	0.0	0.0	0.0	0.0	0.0	0.0	0.0	0.0	0.0	0.0	0.0	0.0	0.0
stool.control.13S.1A	0.0017737668036883958	-0.07428768012553923	0.022681824876778174	-0.04409910225303171	-0.020650882257944272	-0.0423762127981262	-0.009773242465096824	-0.015661477766051115	-0.032751059930499746	-0.031976148924099335	-0.0031283795649864406	-0.007295474003297816	0.024121766541032263	-0.03260010111228996	-0.004609579230065199	0.0059467332846843725	0.0029555412431710743	-0.002077521163792265	0.025049673678246908	0.004155381017837529	-0.03283087274888408	-0.010828846199938418	0.006799315480276568	0.005216036743191819	0.02007638294887418	-0.021766867560441893	-0.02011991903489324	0.00804102405839503	0.008952015510196447	-0.00830733667018237	0.0044297715089935	-0.017363012392400852	-0.0045560622144184375	-0.016229620137435778	0.0027600832129209643	-0.0016013997773070767	0.0024412244546448947	0.0003646157215205193	0.0005571536032696026	-0.0020230289742533794	-0.0031312227369956467	0.0008257823821954482	0.0029810882075544097	-0.0001867199090319845	-0.0	0.0	0.0	0.0	0.0	0.0	0.0	0.0	0.0	0.0	0.0	0.0	0.0	0.0	0.0	0.0	0.0	0.0	0.0	0.0	0.0	0.0	0.0	0.0	0.0	0.0	0.0	0.0	0.0	0.0	0.0	0.0	0.0	0.0
stool.control.13S.1B	0.020257428193060898	0.038380704863331866	0.008823228372102946	-0.04613544914444395	-0.06097396895278522	0.008729222811446257	-0.015456995849160188	-0.029959409395247282	0.002681773985752579	-0.02701113472083297	-0.007992734535260285	-0.01173459741802562	0.010376810150582026	-0.05789202580190527	-0.02662608772491543	0.05085208449059446	0.012742973817673366	0.019622360390916766	-0.024536656982684344	-0.01654868743676166	0.03497449874267217	0.029826797619913074	0.01727267994678821	-0.0021118930600072354	0.015620144023614904	-0.0046048750724046825	0.01755587384051248	-0.015837763693072767	0.0019072389289954458	-0.01714851750606254	0.008884793531079275	0.0030685989006034842	0.004076302104112542	0.009461481389034725	-0.005621049922608691	-0.002197887233635014	0.004997204589493839	-0.006451420735809817	-0.006702105810282033	0.004809453540315067	0.005069232106986762	0.00013599107670532495	0.0019490018188073697	-0.0008396467206621457	-0.0	0.0	0.0	0.0	0.0	0.0	0.0	0.0	0.0	0.0	0.0	0.0	0.0	0.0	0.0	0.0	0.0	0.0	0.0	0.0	0.0	0.0	0.0	0.0	0.0	0.0	0.0	0.0	0.0	0.0	0.0	0.0	0.0	0.0
stool.control.13S.2	0.11036388702714418	-0.05039043790352128	0.011016036300078176	-0.01397327533827667	0.013199881528576035	-0.03315030809562764	0.009459527338292436	-0.007184730751563355	0.0022677610691584802	-0.03930741512465402	0.00036257319371900306	-0.05254205792435642	-0.04205757106263369	-0.009184153900464096	-0.015194785325953199	-0.007857389336594585	-0.012895639669216658	-0.010008745627568797	-0.014362793754480921	-0.00971854889931023	-0.03910828010206031	-0.012461188281045293	0.006974072269915594	-0.017941351474112695	-0.004461385487971269	-0.01974216249553881	0.004648974277694538	0.0005930596984321157	0.01727486580508876	-0.0184018478713164	-0.02497808098084364	-0.008354290633826597	-0.007334272327553988	0.015404031787806088	0.0028651313516354017	0.0020708381586454186	-0.0003299343806402031	-0.008641745955253915	-0.0027991955961710283	-0.005873126045832774	0.0013351119284105218	-0.00012185565182955185	0.0019811205899864935	4.364090510906918e-05	-0.0	0.0	0.0	0.0	0.0	0.0	0.0	0.0	0.0	0.0	0.0	0.0	0.0	0.0	0.0	0.0	0.0	0.0	0.0	0.0	0.0	0.0	0.0	0.0	0.0	0.0	0.0	0.0	0.0	0.0	0.0	0.0	0.0	0.0
stool.control.15S.1	-0.04585475039951822	0.0937854429240219	-0.08992003766709711	0.004753631952643291	0.032775266176191524	0.04468337614590584	0.013662816081487802	0.015584035913622967	0.004745411716842733	-0.00048816686006849836	-0.005218730320950369	0.01987911103627352	-0.00682158305240932	0.015098304650166896	0.01847672001191972	-0.008269514043901827	0.020146380984859855	0.002864924071402483	-0.015083749988645995	-0.016087559350108645	0.011451369092028646	0.009179356447190354	-0.0006311993492891535	-0.002689227398893115	-0.007582181086866589	-0.01651025672209384	-0.009230267670743102	-0.006148657462248592	0.011772511190253061	0.004230176446505841	-0.005822081203927289	-0.018909462456020442	0.0071583924748626	-0.00048167963199600213	-0.00194051045618971	0.0066965346086477725	-0.008068037021376121	-0.0014882096429800753	0.001038443763445274	-0.001265140079480843	0.0011362913521429266	-0.0011558864173919843	0.0033455349506268796	0.0004152304032447993	-0.0	0.0	0.0	0.0	0.0	0.0	0.0	0.0	0.0	0.0	0.0	0.0	0.0	0.0	0.0	0.0	0.0	0.0	0.0	0.0	0.0	0.0	0.0	0.0	0.0	0.0	0.0	0.0	0.0	0.0	0.0	0.0	0.0	0.0
stool.control.15S.2	-0.16714416192427092	0.15379500991849818	-0.08441929795234074	0.09712921729703469	-0.01639334827916116	0.04553938005029823	-0.04027396900872346	0.0379754599748081	0.006959255337862221	0.022188497354333026	-0.009108925697601244	-0.035448627493054365	-0.02325706204999536	-0.023289889528188747	-0.00011646064754472389	0.01492244590475893	-0.013582229938868892	0.025465268043970243	-0.02384232571819003	0.0042689111667508104	0.005096505780559915	-0.016259477436024898	0.00796907698468201	-0.0008083893887622919	0.01121073081226763	0.011966515042451374	0.006090402587878482	-0.0054292464339854895	-0.0012235750686173223	0.01599211710915346	-0.005782798523029268	0.008769191040259226	-0.003976027092248207	-0.00948095467665354	0.001290081614962821	-0.002919940761011675	0.0027203516506161944	-0.004047910868215556	-0.003394423454863665	-0.0007681629670402133	-0.00024929998746796344	-0.0006066877967636109	0.0006116788537831328	-6.120496391480062e-05	-0.0	0.0	0.0	0.0	0.0	0.0	0.0	0.0	0.0	0.0	0.0	0.0	0.0	0.0	0.0	0.0	0.0	0.0	0.0	0.0	0.0	0.0	0.0	0.0	0.0	0.0	0.0	0.0	0.0	0.0	0.0	0.0	0.0	0.0
stool.control.15S.3	-0.0026375257295013057	0.10537434228344934	-0.02267409095292101	-0.018319037187622282	0.010086058930027163	0.03771026951749521	0.020241323721135723	0.00409891403483619	0.013688963765070526	0.03448881943525328	0.024095467625358476	-0.0037286157811147248	-0.026912578997385857	-0.0014502308025726323	-0.006712281816593369	0.0002875555930702204	-0.006109626620473846	-0.0008924927245459241	0.0022946362593486034	-0.03706282014185061	-0.004508652437765503	-0.006562298982522364	-0.01062280152032945	0.0018994815954280497	-0.006608041827299648	0.0032199303332863622	-0.02536148768612901	0.0034315761475767056	0.015076994937552036	-0.00820785136257611	0.013864241275742073	0.0112938359725052	0.0020367349848144506	-0.008084352993975145	-0.006237647797172059	0.00032274878786618585	-0.004602685376355124	-0.0030199619900348035	-0.013784368828949482	0.00242420527836429	-0.0009600800877584122	7.87255420729809e-05	0.003085154124090604	0.00032640463609371023	-0.0	0.0	0.0	0.0	0.0	0.0	0.0	0.0	0.0	0.0	0.0	0.0	0.0	0.0	0.0	0.0	0.0	0.0	0.0	0.0	0.0	0.0	0.0	0.0	0.0	0.0	0.0	0.0	0.0	0.0	0.0	0.0	0.0	0.0
stool.control.18S.1	0.08189171956436217	0.003008550374758612	-0.03353917260107726	0.015015642350445363	-0.02256045290267992	-0.006363266453639459	-0.00952014018111072	0.03657244112283231	-0.008477963549176723	-0.01725925923074533	-0.007574666398104861	-0.0009107517017608884	0.014843774128439027	-0.011382886006836533	0.027394212540549825	0.015152559982278296	-0.03881923362044427	-0.0020843603226055373	-0.009276220194311237	-0.009948205519041579	-0.010453981558778124	-0.0008262629295326299	0.02244638214814435	0.008819570743726279	0.03519752617379413	0.008009799071428892	0.02200219072589701	-0.0021000243677190018	0.01708914489665578	0.0030614335049712377	0.005900228118922354	-0.008551250112753404	-0.0013265617983163392	-0.015133184745874342	0.015198636986432536	-0.0006794183719446775	0.002142447199417629	-0.0069449652695638695	6.17041913624092e-05	-0.005134955959828811	-0.002979715529850103	-0.0039375096316587276	-0.0022340906887525643	0.0007419945525224943	-0.0	0.0	0.0	0.0	0.0	0.0	0.0	0.0	0.0	0.0	0.0	0.0	0.0	0.0	0.0	0.0	0.0	0.0	0.0	0.0	0.0	0.0	0.0	0.0	0.0	0.0	0.0	0.0	0.0	0.0	0.0	0.0	0.0	0.0
stool.control.26S.1	0.05678398467371294	0.06826362653638327	-0.003921842289788332	-0.04250605918839989	0.00990303116533653	0.035174798002905724	0.0015428923679186122	-0.0006276025541449717	-0.014564728255901648	-0.0018679705088042167	0.020957209142958864	-0.011964582128528765	0.005572714894585781	-0.015838636418610667	-0.020472367550495738	-0.013568805082175579	-0.010323417971271794	0.017356589315363824	0.019054552675099264	0.018497323416799286	-0.0064779351070886546	-0.012424990074115391	0.0021819139545174826	0.014432041969267407	0.014593068693673127	0.01094480453380828	-0.017180451818941633	0.006263171217417022	-0.00012700723972584505	-0.01578961302340458	-0.010877988179606406	0.010469458871125744	0.00998868739310206	-0.008869014889811058	-0.012058031838370549	0.006343864828864644	0.008881149171488783	0.006036746341826959	0.005410784378760404	-0.004402879808016361	-0.0038108782512914848	0.0029278697221032054	0.0013883329276839268	-0.00042881605140350677	-0.0	0.0	0.0	0.0	0.0	0.0	0.0	0.0	0.0	0.0	0.0	0.0	0.0	0.0	0.0	0.0	0.0	0.0	0.0	0.0	0.0	0.0	0.0	0.0	0.0	0.0	0.0	0.0	0.0	0.0	0.0	0.0	0.0	0.0
stool.control.28S.2	0.13143855776166868	-0.05035949701471182	-0.018954354903668164	0.05127002253321585	0.023311527400506	-0.04302944437642147	0.059760740442704414	0.017985494998366727	0.02197271793763642	0.011508936745436188	-0.06915088130209453	0.00899929042968395	-0.0173520578889047	-0.008266160722690213	0.011780227707061419	-0.004851643567418884	-0.0002843563021167559	-0.005099244115040118	0.007104480213661868	-0.0011895532463973416	-0.00900084381407369	0.022530709948987163	0.00953382535056468	0.011886584249387554	-0.01231882553198666	-0.008031987849671005	0.006845438290921465	-0.012645098109501946	0.0023662378116895786	-0.0017827693314172277	-0.003966117344168584	-0.007933750945891745	0.01640714107204471	-0.016950849567077167	-0.008145694241419737	-0.0038723658121748513	-0.004794454006968002	-9.264330437068155e-05	0.004160328487917584	-0.0006697410762870923	0.004734511109047059	-0.0023878957074593998	0.0013440842984065574	0.0003327797808557058	-0.0	0.0	0.0	0.0	0.0	0.0	0.0	0.0	0.0	0.0	0.0	0.0	0.0	0.0	0.0	0.0	0.0	0.0	0.0	0.0	0.0	0.0	0.0	0.0	0.0	0.0	0.0	0.0	0.0	0.0	0.0	0.0	0.0	0.0
stool.control.29C.1	0.11564169940076405	0.014875291924562375	0.028668365391745814	-0.02621657516270104	0.03506529511398961	0.0023571535896677945	-0.07061286597998968	-0.019031857532322824	0.0049396293271306	-0.006834328112208933	-0.02058925154978517	-0.012062764205067739	0.03122300532605079	-0.019119740854667267	-0.01677221361259178	0.004884171603882679	-0.035610436135086194	0.023253481079147136	-0.03166385325904328	0.009859012924361527	0.00251730374425723	0.0034841129706291033	-0.001927104971378307	-0.04340554858293799	-0.020338275786360393	0.003913196946862172	-0.015815238327847758	-0.005151819447485988	0.0026591499713237055	0.013068620209810417	-0.004324411895929735	0.0010784534751375097	-0.0029918586255780785	-0.007822285461156044	0.005455310071699937	-0.00984436976571058	-0.0043872384089218616	0.007418218965290405	0.001468387721941183	0.00329691785491613	0.00207294240480622	-0.001085605258029376	0.0012443948568701775	0.001314839363379106	-0.0	0.0	0.0	0.0	0.0	0.0	0.0	0.0	0.0	0.0	0.0	0.0	0.0	0.0	0.0	0.0	0.0	0.0	0.0	0.0	0.0	0.0	0.0	0.0	0.0	0.0	0.0	0.0	0.0	0.0	0.0	0.0	0.0	0.0
stool.control.30C.1	0.06819852103117985	0.0009604120645977448	-0.0316399688621747	-0.034532495442495766	-0.013986948492667637	-0.02230245098772536	-0.04613081674968139	0.028670016050643	-0.0033362835349324102	0.04465075530142477	-0.01894924913492591	-0.012043949199014978	-0.015393038408369105	-0.01360213787009539	0.02344396657731641	-0.01807977401508678	0.0008226828045976468	0.04059017655947347	-0.009371443651609834	0.015297179795250753	-0.02082153962176353	-0.003008995316406259	-0.012892552240605168	0.010529664359308044	0.010201646380010436	-0.02346426428751234	0.005663651854083284	-0.010967593440703777	-0.011870305080951087	0.00823295633345018	0.003515542430324708	-0.002580188170397839	0.0014649557840470022	0.00868976694802811	-0.019068587598411343	0.007128994993542711	-0.0018075413064177028	-0.006997216641126892	0.005126264353016604	0.004396163365568438	0.000993997698751567	-0.0021325701964860387	-0.0016158992181525844	0.00032238073376670895	-0.0	0.0	0.0	0.0	0.0	0.0	0.0	0.0	0.0	0.0	0.0	0.0	0.0	0.0	0.0	0.0	0.0	0.0	0.0	0.0	0.0	0.0	0.0	0.0	0.0	0.0	0.0	0.0	0.0	0.0	0.0	0.0	0.0	0.0
stool.control.30C.3	-0.267955655311101	-0.04025011483876188	0.01088066759169648	-0.007394811770411953	-4.2002123607079984e-05	-0.0038316508002027884	0.020895756153661692	0.02622573363784583	-0.01649556951173919	0.0061376239310220355	-0.005436871574579764	0.037577940961981963	0.004662551873178992	0.0020789772058359126	0.00031628332518747476	-0.0009477306608974808	-0.02294267334724271	0.01279039271686796	0.010023589405891955	-0.005258520667012875	0.0034439502379052904	0.009378346463019202	0.016864767150353777	0.009358679347037427	-0.02489224688416878	0.021273189609049732	0.013128324326849608	-0.01402161253244495	0.012586235333542852	0.007440229139808289	0.01114254666843781	-0.004285743982557632	0.0029865296185794194	-0.0011309294524038539	-0.00032895681068192045	0.002615708194596941	-0.0011999609479474195	-0.00777118673828427	0.0007569984082757373	0.006974679985401688	-0.0043041587636056455	0.0029283559460171224	0.0032688300845672225	-0.0005391588795255084	-0.0	0.0	0.0	0.0	0.0	0.0	0.0	0.0	0.0	0.0	0.0	0.0	0.0	0.0	0.0	0.0	0.0	0.0	0.0	0.0	0.0	0.0	0.0	0.0	0.0	0.0	0.0	0.0	0.0	0.0	0.0	0.0	0.0	0.0
stool.control.31C.1	-0.04172630829531326	0.025468689173774636	0.04476103966507049	-0.06950909176005779	-0.017664812289537906	-0.018664786259736537	-0.005021189183784374	-0.029796578853959463	-0.015045241244345295	-0.03098163626614389	-0.022589282621449738	-0.004027181803706353	-0.05114194029015317	-0.007968688610146858	-0.01490923685434264	-0.0010326402098664988	0.007454267696893759	0.00020488704503363378	0.03382028266996518	-0.016552733329423554	-0.0021617945209261593	0.0033186584114934556	-0.012451784831180384	-0.011636503452873601	-0.0023935786545553677	-0.01028571487323473	0.010200484788330412	-0.0014694955062974468	-0.00020446657360570532	0.012178378864087439	0.0051555572952817945	0.0006715503244821288	0.002721650705879979	-0.0019367838563216038	-0.00039220094812089917	0.0013892093684145321	-0.0024847110830237087	0.0059940092874380966	0.0024221731228299616	-0.0024469697410655893	0.0003725450136238181	-0.007233013688581737	0.0013134184096891784	-0.0024696398811481952	-0.0	0.0	0.0	0.0	0.0	0.0	0.0	0.0	0.0	0.0	0.0	0.0	0.0	0.0	0.0	0.0	0.0	0.0	0.0	0.0	0.0	0.0	0.0	0.0	0.0	0.0	0.0	0.0	0.0	0.0	0.0	0.0	0.0	0.0
stool.control.31C.2	0.12779882234229445	-0.05894465641412287	0.08822414845988842	0.004289561133285613	-0.01782305896849474	0.01431533839676448	0.05266177691561593	-0.0024023690740906083	-0.016818236727541555	-0.011768274561937023	0.00047144004318192635	-0.039485944069758284	0.004736188291227878	0.00855701235419498	-0.01574795322430844	0.007865852872519688	-0.011714474032954923	-0.018892597842058934	-0.014238192405559083	-0.019592416279501913	0.04111544910034633	0.03471158328433621	0.0370224005777553	-0.006636899287970936	0.019588514255032177	-0.012441483713298845	-0.015227515122768117	-0.0045372374513063625	-0.018530252899187503	-0.002374226530789317	-0.006521635185827866	-0.0022644197325388396	-0.0008819532485856529	0.004115198978533817	-0.008943389278712572	0.00404230671314337	-0.0014915040274004632	0.011070036244271409	-0.0006934316739434873	-0.00672775380588112	-0.0018853937661418255	-0.001330660575111464	7.283845952526981e-05	0.00042621574222191573	-0.0	0.0	0.0	0.0	0.0	0.0	0.0	0.0	0.0	0.0	0.0	0.0	0.0	0.0	0.0	0.0	0.0	0.0	0.0	0.0	0.0	0.0	0.0	0.0	0.0	0.0	0.0	0.0	0.0	0.0	0.0	0.0	0.0	0.0
stool.control.32C.1	-0.05315645610184274	0.10904264515201982	0.02099559367234175	0.014116873903841283	-0.01948688815149594	0.004094209000276036	0.023519782223027686	-0.03604608663340184	0.008829945561199962	-0.0160415123412029	-0.014639922376963306	0.020969850653978283	0.014493472859781996	0.015094868398092412	0.0028497772915838777	-0.010384931902980555	0.0019098680599927446	-0.01860960211273714	-0.010915737057752185	-0.025887088203378306	0.00022883109698556162	-0.006749937163214575	-0.01838529634942882	-0.00755673068086996	0.006626948007121027	-0.010669262253473859	0.0014103268125595216	0.005277859974976392	0.0059319493262967775	0.007335465254227223	-0.015254841858433841	0.008832726567427703	-0.010512952068824204	-0.010382161499722905	-0.008997173085055819	0.006737305071305943	-0.01315390931873476	-0.005330537866309909	-0.004396446907841882	-0.00836668585597201	0.000739419601807232	0.006190345995932863	-0.003997838229823405	-0.0016401320875736641	-0.0	0.0	0.0	0.0	0.0	0.0	0.0	0.0	0.0	0.0	0.0	0.0	0.0	0.0	0.0	0.0	0.0	0.0	0.0	0.0	0.0	0.0	0.0	0.0	0.0	0.0	0.0	0.0	0.0	0.0	0.0	0.0	0.0	0.0
stool.control.32C.2.run1	0.0446336902672187	0.06297719538993694	0.0561946807301428	-0.0012086591431511343	-0.025271734391450567	-0.012731082688056726	0.011182488352403762	-0.01369600767809653	0.0019727331853208333	-0.024941833059463552	0.007738357967004518	0.01454048411210476	0.059073519797856515	-0.007018394322106791	-0.02330859408178685	0.0044250197255880875	0.007330018047290027	0.0013169273864664466	-0.01726304821301261	0.0032046815330184514	0.0024094802011352073	-0.015538157584110467	-0.020582696309483325	0.009451945954911953	-0.011504710885379823	0.019006823000693288	-0.00080892770727217	-0.014614051800333074	0.009135661158450385	-0.0025741971158997224	0.0013962271387880862	-0.008450561537832479	-0.002416581028337077	-0.00638630411084915	-0.00590132359357688	0.007263321935583949	-0.0025161829251310118	0.005858783030333966	0.0080463612724034	-0.004035142010885251	0.002916567315700181	-0.0044611233877868	-0.0029664692988300126	-0.001177547855418414	-0.0	0.0	0.0	0.0	0.0	0.0	0.0	0.0	0.0	0.0	0.0	0.0	0.0	0.0	0.0	0.0	0.0	0.0	0.0	0.0	0.0	0.0	0.0	0.0	0.0	0.0	0.0	0.0	0.0	0.0	0.0	0.0	0.0	0.0
stool.control.32C.3	-0.07620744631877088	0.10388854825533139	0.009873178788031003	0.03151726283624036	-0.008649044515639557	0.0035767811914061507	0.02289698826207717	-0.02741331305038179	0.008171657642444386	-0.02173511401316844	-0.022854669012137646	0.013807166200007498	0.010139147414777007	0.03012768539513871	-0.005789610992281325	-0.011721742531708051	-0.004432881243144915	-0.00966522888762676	-0.009581808079804363	-0.0177445005975984	-0.00895992220813016	0.0014384782935273808	-0.013416338446696291	-0.008093400685296752	-0.0012362380126788076	0.00506772133516813	-4.4715634144581235e-05	-0.012676607809581913	0.008777637936385314	-0.002246954310731746	-0.0017502836426230575	-0.00847591158408112	-0.009103270707245896	0.000921285971205862	-0.012437084357102451	-0.004714761186319071	0.015087084865396958	0.00445145390501654	0.0016678430124747352	0.009851341782866197	-0.006537887997939824	-0.0064454331267478305	-0.0011424586229691776	0.0002216355707436945	-0.0	0.0	0.0	0.0	0.0	0.0	0.0	0.0	0.0	0.0	0.0	0.0	0.0	0.0	0.0	0.0	0.0	0.0	0.0	0.0	0.0	0.0	0.0	0.0	0.0	0.0	0.0	0.0	0.0	0.0	0.0	0.0	0.0	0.0
stool.control.34C.1	-0.10732002789826864	0.10420178951690355	-0.003306989175490891	0.052715291727281566	0.007873508666650073	0.005520219363798886	0.028879123379735482	-0.0015931549739813004	0.009554085559792633	-0.009845021163773731	-0.006251009147260746	0.019549610340209477	-0.024314821654223755	0.02356329250596675	-0.020948892001488893	-0.009301376315039873	-0.01722127482531668	0.024128941438171934	-0.019828627607667577	0.0038574105203390318	-0.020437422206364516	0.015006633942421091	-0.006426488686642181	0.004139228594282292	0.0042184309219899735	-0.008665942651386063	0.014857845825288962	0.0009695055798778396	0.00506037649663678	-0.009775228085615923	0.011516855190476249	0.008118092865435552	0.00974721730860969	0.0049289831203789035	0.006288458805365206	-0.0033084188694929005	0.0014605248502497937	0.007815901751518101	0.00576482466946412	-0.008512801767467947	0.0008281758313288753	0.0018892997248914657	-0.00059414044289366	0.00018236626555373283	-0.0	0.0	0.0	0.0	0.0	0.0	0.0	0.0	0.0	0.0	0.0	0.0	0.0	0.0	0.0	0.0	0.0	0.0	0.0	0.0	0.0	0.0	0.0	0.0	0.0	0.0	0.0	0.0	0.0	0.0	0.0	0.0	0.0	0.0
stool.control.35C.1A	0.0692319477312508	0.020787526580094404	0.009293362085941814	0.008386176440812281	-0.011006218015435495	-0.02684223773075991	0.049150875409270336	0.023235415848888975	0.008813256586726242	0.02737296304098987	-0.0225965845814098	0.012293622000245023	0.010980761094207486	0.0043440689725687456	-0.014141402228952939	-0.014595506865871936	-0.008089198632404418	0.0006138237263907464	-0.007358972106336466	0.009250242857727046	0.0005369767635332392	-0.0076661345163468834	-0.008641224916344033	0.006029418891424138	-0.0005391456672408122	-0.013756123012947838	0.002175371980508935	0.002848734764718372	-0.014970667937835393	0.005019214158823735	0.007620397226119104	0.004632972538451055	-0.029161429654540865	-0.008764575392315734	0.005068132657486574	-0.0013413401774325367	0.005785105403852319	0.00427607977746114	0.0026307673996041514	-0.002480935715077892	-0.0006249895821112395	-0.0010229301865268166	0.006664797414504931	0.0012002168427332786	-0.0	0.0	0.0	0.0	0.0	0.0	0.0	0.0	0.0	0.0	0.0	0.0	0.0	0.0	0.0	0.0	0.0	0.0	0.0	0.0	0.0	0.0	0.0	0.0	0.0	0.0	0.0	0.0	0.0	0.0	0.0	0.0	0.0	0.0
stool.control.35C.1B	0.07701196215406919	-0.0021317240959318655	0.0045530858116037895	0.017228661235725466	-0.07107398734174668	-0.03634160442766592	-0.029854283508092636	0.03718382225018673	0.015498257735211254	-0.008605949751514509	-0.021960551612696364	0.0059506327455111484	0.02547236060983953	0.020322539741735278	0.036061811937977396	0.009781083407642732	-0.04529810520601461	0.020570276252912016	-0.006531832503441996	0.0036553056132060543	0.00022681159059977896	0.0025629632520226954	-0.006961123182835912	0.0038230122560129337	-0.012872733466718174	0.007149440872917061	-0.0012477614139059748	0.02320449746864634	-0.005620774792634004	-0.007712142148862266	-0.0003836263042766837	-0.0133507669129536	-0.004710836588359857	0.022348382428906167	-0.00673499598965162	0.0025867950684675687	-0.00416541664406347	0.008651633894889744	0.005000474340954957	-2.989000865832205e-05	0.001993975026787392	0.004726127848761084	0.0019091234216960585	-0.0005307281747107212	-0.0	0.0	0.0	0.0	0.0	0.0	0.0	0.0	0.0	0.0	0.0	0.0	0.0	0.0	0.0	0.0	0.0	0.0	0.0	0.0	0.0	0.0	0.0	0.0	0.0	0.0	0.0	0.0	0.0	0.0	0.0	0.0	0.0	0.0
stool.control.36C.1	-0.2584327375867578	-0.08057457783699262	0.01721764153516871	-0.02541933649480816	0.02164160391566102	0.0035058564130913826	0.05075034973068517	0.0022191283137065402	0.012251943664127546	0.03605277477267867	-0.003550469481199219	0.030545154266586775	-0.04010446780579977	0.009967624445576355	-0.008788039558948017	-0.00602496454687118	-0.014721710557550251	0.0242053018530278	-0.03122976728848248	0.001433373906605145	-0.02148407252822307	0.039783844641656844	-0.011970659286276403	0.025054694580134713	-0.004597035215641334	0.0019689893982130884	-0.011827889396074988	0.005823931156362273	-0.0013873653843457592	-0.011370853369794376	0.011703531664588951	0.003658339364942784	-0.0047143642682853	0.005761663576149268	0.0017641861957685039	-0.0002571496132928003	-0.0009426275951886797	-0.003031904355355703	0.002150582184469895	-0.003468595113395173	0.0013214855634263796	-0.0015108924838766692	-0.001997567529017651	5.784738372203174e-05	-0.0	0.0	0.0	0.0	0.0	0.0	0.0	0.0	0.0	0.0	0.0	0.0	0.0	0.0	0.0	0.0	0.0	0.0	0.0	0.0	0.0	0.0	0.0	0.0	0.0	0.0	0.0	0.0	0.0	0.0	0.0	0.0	0.0	0.0
stool.control.37C.1	0.10842469097798738	-0.12553508382737863	-0.0698900509067256	-0.015058200588382652	0.02908381093939445	-0.014181651160587788	0.014327309714528697	0.03757701575409939	0.008758592061950466	-0.033293417212650264	0.003882150744142244	-0.03610514174170909	-0.024444046688458083	0.0017556195489683952	-0.011302608111131218	-0.001237526916672517	0.0167361796468726	-0.0326984338535194	-0.00761574210765515	0.019156715298309628	0.014661208599758347	0.02236854161301143	-0.03854476365363706	0.011108240331511896	0.0146515240692645	0.03555303221877304	0.0068969630186195875	0.014615898221169668	-0.0009691531312594483	-0.010344737413826788	-0.004549458948426171	-0.0004908685571220647	0.004607928459908133	-0.0007928942670706796	0.004043926483255183	0.0029649407406402307	-8.500233533243577e-06	-0.0014195796654558673	0.001985966498954914	0.008252064645336041	-0.003257681784013086	0.0008049863809734924	0.0005550649534027226	0.00019821319127800405	-0.0	0.0	0.0	0.0	0.0	0.0	0.0	0.0	0.0	0.0	0.0	0.0	0.0	0.0	0.0	0.0	0.0	0.0	0.0	0.0	0.0	0.0	0.0	0.0	0.0	0.0	0.0	0.0	0.0	0.0	0.0	0.0	0.0	0.0
stool.control.38C.2A	0.00850063455842927	0.020151767709803817	0.015044411523929635	-0.02788789994356537	-0.080666730131923	-0.02463596759945187	-0.045857954750031654	0.018144578527092656	0.009081595612900124	-0.01348495720197994	-0.022324528015151633	0.019423570122150582	0.0012956171113408601	0.009045958279821503	-0.011850733263399168	0.028174383391920996	0.006913792239984165	0.020259813240224165	0.009396483163625723	0.015680538915180665	-0.02065601170426984	0.006654250281532818	-0.011595517089131478	-0.004831212045306819	-0.035074222614960765	-0.001683392916014852	0.018953285854239818	0.009319059551934893	0.00582100802476114	0.002011520674268706	-0.012973163644636701	0.01813581461869055	0.0018421995695946504	0.005956863786320157	-0.002456943638483728	0.013006170435852154	0.00751471772278617	-0.004573743186982084	-0.0061807699056513135	-0.0018903046924827682	-0.003859967770134412	-0.0007425069341394506	0.002359737288933071	0.00028275625559893194	-0.0	0.0	0.0	0.0	0.0	0.0	0.0	0.0	0.0	0.0	0.0	0.0	0.0	0.0	0.0	0.0	0.0	0.0	0.0	0.0	0.0	0.0	0.0	0.0	0.0	0.0	0.0	0.0	0.0	0.0	0.0	0.0	0.0	0.0
stool.control.38C.2B	-0.020260727029738263	-0.019683422388595738	0.007242466818578707	-0.05766025142736542	-0.06858901569396025	-0.013265159354158937	-0.004962813426905154	0.03766999340638332	0.005446317848623953	0.033767018264910895	-0.0018653783664057406	0.030672066817135128	-0.017562876952324325	-0.00041843220896757246	0.006505514154304077	0.011207459761458618	0.00861328731286351	0.0040341817909381695	0.007474759722287181	0.0006597732705152304	-0.016915056173314402	0.004682182030908123	0.01008067215176913	0.02112985276698612	-0.0007702865551604885	0.012258896064934105	-0.004116880543643475	-0.02378781759218922	-0.004499076195316682	-0.006637646885134729	-0.008567651026280513	-0.00991761124187751	-0.0022678709997713186	0.002240885603611517	0.01427495878130049	0.0021755287140439836	-0.008363035996074441	0.01642191591390281	-0.009157222735836704	0.006235731366058655	0.0035236055602429544	0.0006605222213442732	-0.0025474394231419315	-9.135785216694442e-05	-0.0	0.0	0.0	0.0	0.0	0.0	0.0	0.0	0.0	0.0	0.0	0.0	0.0	0.0	0.0	0.0	0.0	0.0	0.0	0.0	0.0	0.0	0.0	0.0	0.0	0.0	0.0	0.0	0.0	0.0	0.0	0.0	0.0	0.0
stool.control.39C.1	0.20571876069857417	-0.08119927286972105	-0.002626701452736008	0.0945791084264523	-0.042274190975408125	-0.050621589782877945	-0.023121527018357978	-0.08021431302885151	0.08075647716702057	0.04715055374235309	0.04622722679874333	0.045364793907904225	-0.017453976616077324	0.0026331038248611598	-0.011071310645849167	0.007449110724397832	0.009654056106566333	0.001777642740961485	0.024190303110620707	0.01113179240540374	-0.000713587552986533	0.004356600054810483	0.008325379876803277	-0.015598019426873774	0.017610287317877636	0.0204830546936622	0.0022825002250574243	0.002849280780169318	0.004185248033814397	0.012686500998490608	8.94276208650505e-05	0.0008661446858112169	-0.00619132033916086	-0.0003797624460529012	-0.0036687368376663505	0.002404518938490363	-0.0058801756126599025	0.0010206947726518244	-0.003971557653255078	-0.0006140758305299704	0.004104476303584778	-0.0017785440670721618	0.0006986688299674368	0.0005350672798885394	-0.0	0.0	0.0	0.0	0.0	0.0	0.0	0.0	0.0	0.0	0.0	0.0	0.0	0.0	0.0	0.0	0.0	0.0	0.0	0.0	0.0	0.0	0.0	0.0	0.0	0.0	0.0	0.0	0.0	0.0	0.0	0.0	0.0	0.0
stool.control.39C.2	0.0496048029715971	-0.07417856037568087	0.035280158222337446	-0.03292453170149718	-0.08172764796579518	-0.01912258242185854	-0.04640275937934559	0.021257018989321697	0.027678296159903852	0.017635978561260007	0.03347592073207226	0.02095270730270298	-0.03458988451752018	0.03617352257657091	-0.042007273645972384	0.002385753187531271	-0.033727430888178075	-0.02750435401478105	-0.015133070872793057	0.012304043192460052	0.0121976099610203	-0.012660098696849595	-0.0018929261914761059	0.0005837875823708462	-0.0026674492535811055	-0.014950628713331993	-0.01259685540805812	-0.008974072407517275	-0.0005944833123887588	-0.0060787546706488	0.0037191605783946377	-0.009658539593974644	-0.0035837385722495125	-0.004986559094883357	-0.010392533958627003	-0.010601839332870434	0.0019230045082328606	-0.007174902675015672	0.002257274188706342	0.0017549455125372897	-0.003072626348551041	0.0005837605678389357	-0.003218759199455362	-0.00021811758764772897	-0.0	0.0	0.0	0.0	0.0	0.0	0.0	0.0	0.0	0.0	0.0	0.0	0.0	0.0	0.0	0.0	0.0	0.0	0.0	0.0	0.0	0.0	0.0	0.0	0.0	0.0	0.0	0.0	0.0	0.0	0.0	0.0	0.0	0.0
stool.control.40C.1	0.12416459697083009	-0.04320314808814336	0.1413490186522265	-0.007637467075528563	0.008244195525214833	0.007900662524133255	-0.044818370615051506	-0.004809375924827364	-0.04900586525208366	0.04190918618857839	0.008010722249408938	-0.039318686666276983	0.013694547634380752	0.06052391732748533	0.021440201058205877	-0.01918838100561554	0.006405031079229526	-0.006691596113643583	0.012357117776404587	-0.009756734064628719	0.00042818071223297237	0.008147771494131973	-0.004527102228848923	-0.01156962568023407	-0.001936688504620509	0.005246972937002057	0.014157767623428526	-0.014851475349164835	0.003560695594831212	-0.0031674792680996228	-0.0078100462621061	0.009444366631926947	0.003497048340116136	-0.0033389835807620914	0.0002449258036049913	0.006286886816632003	0.0027005799894130734	-0.0024537940479736485	0.0016390447053233328	0.004071690675108813	0.00048486146856580465	-0.0011457669319994027	-0.002092936684164144	0.0006198094316495083	-0.0	0.0	0.0	0.0	0.0	0.0	0.0	0.0	0.0	0.0	0.0	0.0	0.0	0.0	0.0	0.0	0.0	0.0	0.0	0.0	0.0	0.0	0.0	0.0	0.0	0.0	0.0	0.0	0.0	0.0	0.0	0.0	0.0	0.0
stool.control.40C.2	-0.3227364193008385	-0.11775237897386122	-0.0047889279855346835	0.025443331805646202	0.017757159462404287	0.00022974061598697451	0.009853287239656077	-0.00888446590940688	-0.02560250385263312	-0.002540799272550814	0.012238107331518021	0.01984162681996228	-0.011788690348175836	-0.00667550809361201	0.013506453281796612	-0.007664886381927077	0.008088890651402544	0.03164276204895919	0.013601881855695788	-0.01707283171133114	-0.008867894055049534	-0.022707492104089115	0.009901856433081032	-0.024798285288902235	0.0014057227737596016	0.02062311075728314	-0.016979288606308835	-0.01895641410501236	-0.006095593862110864	-0.022509258740845552	-0.011754095398751356	0.010297692528997149	0.009091991444161104	0.004818486403261808	0.0022525897897812744	0.0009967784837346249	-0.010491813172094671	-0.0020457798532292058	0.0013901056987490152	-0.0011791110473309573	-0.0009602173969761784	-0.003792834920744626	-0.0002536553455612286	0.0003978078431869551	-0.0	0.0	0.0	0.0	0.0	0.0	0.0	0.0	0.0	0.0	0.0	0.0	0.0	0.0	0.0	0.0	0.0	0.0	0.0	0.0	0.0	0.0	0.0	0.0	0.0	0.0	0.0	0.0	0.0	0.0	0.0	0.0	0.0	0.0
stool.ASD.12.2.ASU	0.20458064704112083	-0.10437281582790904	-0.16628717918818453	0.06515018573559866	-0.05899990944873984	-0.006355863835444826	-0.030019701900043213	-0.013006415958579133	-0.014035652961526502	-0.019797549957337252	0.020309667489795426	-0.016598527110335652	-0.02206738008682566	-0.0009372216532458469	0.06634967606105918	0.0068521409902265705	-0.0095030946526345	0.0005497955777044917	0.0074590444579598235	0.00829969433712871	0.0267078315989731	0.003936865922969915	-0.011188866011672524	0.013370432179820386	-0.026530782353365284	-0.007560434250461335	-0.028757806716487477	-0.005489621979639936	-0.00415640794399513	-0.005400343613115074	-0.003717959128404369	0.001428652986066731	0.0007266396734258971	-0.007418756640062868	-0.001619890761244396	0.004499073257357515	0.0015783744231532874	-0.003200392966629379	-0.001850652358594056	-0.0051290498453810335	0.0002844480978974332	-0.0016774728632659274	-0.000950157108231659	0.0001699831206075267	-0.0	0.0	0.0	0.0	0.0	0.0	0.0	0.0	0.0	0.0	0.0	0.0	0.0	0.0	0.0	0.0	0.0	0.0	0.0	0.0	0.0	0.0	0.0	0.0	0.0	0.0	0.0	0.0	0.0	0.0	0.0	0.0	0.0	0.0
stool.ASD.14.4	0.07066823097645429	0.004407195097322559	-0.14844422486781045	0.006665010627732236	0.09243692540935575	-0.10999360090608558	0.019340252563898503	0.054654100230484996	-0.0061213506667266784	0.002904911723381236	0.043229084611691955	-0.014999484513463534	0.02006710624699184	-0.007089827961388914	-0.021503312975023302	-0.011466831533453833	-0.01713021679006046	0.0030311970616994717	0.0007245602780671464	-0.035403645509393	0.018289559701426095	-0.001959857664629636	-0.0026547172875173858	-0.00017182267046670865	-0.010862088378775054	-0.0007246189782510581	0.024042822868856555	-0.005337882645453594	0.004111196743730595	-0.0018677165513383326	-0.006598328486704982	0.010222699748537836	-0.006255310725044631	0.009008101173353865	-0.0005129543957440462	-0.009796504432227812	-0.0003490700526403521	0.0033414933484448737	-0.0004800727247267795	0.0005738735042412478	6.256959365353743e-06	0.0008979127318786165	-0.0010788737850562005	-0.000335293469525993	-0.0	0.0	0.0	0.0	0.0	0.0	0.0	0.0	0.0	0.0	0.0	0.0	0.0	0.0	0.0	0.0	0.0	0.0	0.0	0.0	0.0	0.0	0.0	0.0	0.0	0.0	0.0	0.0	0.0	0.0	0.0	0.0	0.0	0.0
stool.ASD.14.4.ASU	-0.0024898912519179107	0.09098920677595689	-0.1365248539666435	-0.030205030309411875	0.08474849916388459	-0.13953682889138863	0.01634651759967089	0.014242254052152707	-0.014138733488219174	0.0073358647251865385	0.0739683683362551	0.0016627309165916902	-0.000687919223501509	-0.0002515294879402739	-0.009349661775801783	0.015467839750382687	0.017230143026400895	-0.015972051161205373	-0.019232796068766326	0.03606856175023991	-0.0026961719335345507	-0.017613947919361796	0.006079663251026677	-0.008941469035251691	0.007667557107252841	-6.89854150835677e-05	-5.2938603655007966e-05	0.0004138711843494793	0.002394357971223784	-0.004389865074969692	0.001732520224772067	-0.002465383090367872	0.007878516143677145	-0.001176184410735367	-0.00036511443954228315	0.007449284819255345	0.0004944585629747082	0.003201351513166957	-0.0006624658960017963	-0.0002783424511578398	0.0016558923190770588	-0.00046807868453354684	0.00014531117726830436	-0.00013304932752762795	-0.0	0.0	0.0	0.0	0.0	0.0	0.0	0.0	0.0	0.0	0.0	0.0	0.0	0.0	0.0	0.0	0.0	0.0	0.0	0.0	0.0	0.0	0.0	0.0	0.0	0.0	0.0	0.0	0.0	0.0	0.0	0.0	0.0	0.0
stool.ASD.22.4	0.18410943384711886	-0.04527750421000989	0.10684842222806985	0.019519686114598086	0.09703047767488975	0.06645869145308919	-0.07417561610250091	0.06523962549644308	0.08038608418621433	-0.036060723552966745	0.0008665427428987165	0.01977838839024873	0.006113253720014823	-0.005002673777430932	0.0179976908266199	0.014190727133282	0.021698898732403604	-0.029813852276169756	-0.04957551738462623	0.008850927059632708	-0.02360985588576627	0.004863407459683351	0.005204433391757811	-0.005569088847995267	-0.012249718999560587	-0.0154167658088962	0.0026532094939744496	0.003895409466806393	-0.014039809372862547	-0.005647311609178617	-0.00118056223267622	0.005762019031692007	0.006360401541580818	-0.004258377454540239	-0.004255662611585256	-0.002390807336261377	-0.003815587946627968	0.000989269659660863	-0.00314224441151037	0.0013362236349437299	-0.0017239996673329315	-0.00024067891312759418	-0.0008157269392158476	-0.0005411644971898815	-0.0	0.0	0.0	0.0	0.0	0.0	0.0	0.0	0.0	0.0	0.0	0.0	0.0	0.0	0.0	0.0	0.0	0.0	0.0	0.0	0.0	0.0	0.0	0.0	0.0	0.0	0.0	0.0	0.0	0.0	0.0	0.0	0.0	0.0
stool.ASD.22.4.ASU	0.17204102416549974	-0.11616506913188135	-0.17400129969661485	-0.012637463141501699	0.06563229875612114	0.03933011430852264	-0.002895901812432585	-0.030630766739101586	0.06816926597188781	-0.042238921792698135	-0.038879194857503595	-0.012708049165723588	0.04583178693517152	0.09074447237196251	-0.029801049513759913	0.025921760423868418	0.0073822281708936285	0.044556090690790404	0.03405389862236785	0.0002578552183980086	0.0013663098910442725	-0.018464360838867516	0.013009085651533072	0.01818730667202606	0.017537153171427445	-0.012930200774270135	0.002287762931902094	-0.002332424056709717	-0.00044140671710166633	-0.0027899450466513133	0.003879910066110077	0.0014739368907078303	-0.007062935068164421	0.004026164652807044	0.0017493355975647937	-0.0012758090324318512	-0.0027598465718172423	-0.0025805992404596364	-0.003376804146668207	0.003944935674368047	0.001029606684605894	4.322504910040164e-05	-0.00032159490491344596	-1.392611117369822e-05	-0.0	0.0	0.0	0.0	0.0	0.0	0.0	0.0	0.0	0.0	0.0	0.0	0.0	0.0	0.0	0.0	0.0	0.0	0.0	0.0	0.0	0.0	0.0	0.0	0.0	0.0	0.0	0.0	0.0	0.0	0.0	0.0	0.0	0.0
stool.ASD.24.1.ASU	-0.07698876977941117	0.010421733659175222	-0.030552607989418952	-0.06255925395612927	0.00528089279245787	0.041092905352522836	0.02938394312384694	0.019527555119953126	0.012868175738508144	-0.010759078081535185	-0.01365195655203815	0.007037781670822287	-0.005908745630984868	-0.010131313636141951	0.03467216851570913	-0.02299167983965515	0.024781290323337073	-0.020174755623864376	0.01209328338472289	0.019668938552853534	0.01890337801442633	-0.011074085361856443	0.0018088666948220364	-0.0010819856031069567	-0.00550174171669888	-0.006432148846020311	-0.004636253931985497	0.005730257615337136	0.010064874620761555	-0.008118659180681645	0.018196672175137093	0.012329536483620467	-0.017059280211072014	0.014472474664775312	0.0037017974495869668	-0.017034525662943386	-0.008607929141447616	0.00041718361721018667	0.001592134025067499	-0.0007579424328539488	-0.0018379271178578334	-0.001773181665010402	-0.0008456338095722497	-0.0005087137209218665	-0.0	0.0	0.0	0.0	0.0	0.0	0.0	0.0	0.0	0.0	0.0	0.0	0.0	0.0	0.0	0.0	0.0	0.0	0.0	0.0	0.0	0.0	0.0	0.0	0.0	0.0	0.0	0.0	0.0	0.0	0.0	0.0	0.0	0.0
stool.ASD.27.4	-0.0011571246747141986	0.07971129706835099	0.00593720654910172	-0.01604715498153816	-0.017093648860289714	-0.006134172790044906	0.03482785600105486	-0.02415031662469295	0.006119624542385402	-0.016848940432221248	0.016303309322832325	0.0056347840963290605	-0.018675397719174733	0.008528990165999485	0.011850288881999894	0.0018028966946278995	-0.004128198782039034	0.001821262165684758	-0.004095687726281255	0.0028294940420893694	-0.0042158831111304	-0.014409369583543661	0.011006338115996456	-0.001091728613274252	-0.00996675141897281	0.009503801820335054	0.019193717829415525	-0.00943832883690905	-0.02995717311786762	0.00585105947103859	0.001607803366980898	-0.011663892167582086	0.007352150460847944	-0.004708563280528266	-0.0012450043097419006	-0.0055457079588970195	-0.006058405337737311	0.004472165318006234	-0.006553324393705389	0.0007568061016552208	-0.009442727888442479	0.00340297320831431	0.003289930330580611	-0.0006296309715304894	-0.0	0.0	0.0	0.0	0.0	0.0	0.0	0.0	0.0	0.0	0.0	0.0	0.0	0.0	0.0	0.0	0.0	0.0	0.0	0.0	0.0	0.0	0.0	0.0	0.0	0.0	0.0	0.0	0.0	0.0	0.0	0.0	0.0	0.0
stool.ASD.27.4.ASU	-0.018404929064973066	0.10132819298776942	0.035173333819095313	-0.0078041672191855845	-0.015275152367758536	0.01092698542943472	0.04697585840792995	-0.03089875185492455	0.0198647631788189	0.006852279610942145	0.02022733196988787	0.0015313883541122667	-0.013927882163589147	0.01709145139701054	0.015089708189538479	-0.012288085645596825	0.0015156795798773976	-0.0064522121366888474	0.01005767508960356	-0.014451430959271159	0.01395899505087175	-0.024058016218903848	0.009447599572080786	-0.002863327079347654	-0.016298825794823685	-0.009466238747841044	0.009258611103411566	0.019286322947549298	-0.0200798457668288	0.007162074048057473	-0.0022573366770045023	-0.00445817862560716	0.009225108198821936	0.007332692412551321	0.00023863045757686934	0.0032084569725539035	0.013594215344699815	-0.0025195084201128063	-0.0004986319757461623	0.001862816537531788	0.005930020738380242	-0.0022660538374552446	0.001488352812284274	0.0003888105765472787	-0.0	0.0	0.0	0.0	0.0	0.0	0.0	0.0	0.0	0.0	0.0	0.0	0.0	0.0	0.0	0.0	0.0	0.0	0.0	0.0	0.0	0.0	0.0	0.0	0.0	0.0	0.0	0.0	0.0	0.0	0.0	0.0	0.0	0.0
stool.ASD.27.5	-0.0014270758966232686	0.10680869137913145	0.006940747701985649	-0.03534361343109	0.008370681323076406	0.023646504982322458	-0.024718577198365038	-0.03953033610092106	0.013080491614936102	0.0008257060499668492	-0.0035152249319546653	-0.016184858557740753	-0.009964162289064443	-0.002408259199615705	0.0018346766862289345	-0.012773196237295838	-0.005874256032159528	-0.022533998527935254	-0.009306297247466086	0.011844081096223145	-0.01567032250196653	-0.03026932104210411	0.005132809921188386	-0.010276995460385017	-0.0017866198893516528	-0.005045393444233305	0.003995974246206895	0.008580956020880442	-0.0013181360899497008	-0.008859711231342715	0.02258555885472764	0.0006463331079817155	0.012543112030268875	4.992552202354952e-05	0.005219681616847687	-0.0011464526403420184	-0.0003759268325080204	0.00412002633574993	0.0023310973348864583	0.006901643258071375	0.00699454160027194	-0.001313196855697487	-0.001384230761619814	0.00024257429560551024	-0.0	0.0	0.0	0.0	0.0	0.0	0.0	0.0	0.0	0.0	0.0	0.0	0.0	0.0	0.0	0.0	0.0	0.0	0.0	0.0	0.0	0.0	0.0	0.0	0.0	0.0	0.0	0.0	0.0	0.0	0.0	0.0	0.0	0.0
stool.ASD.6.4	-0.18629140885978449	0.09844518276027368	0.0064941540625448385	0.03225528885468084	-0.03690872983337507	-0.0014350770338847866	0.007901718578593637	0.022485086729236582	0.03908570300299915	-0.03277471220093407	-0.0061816242642133935	-0.06126260154846161	-0.009381280312792359	0.04167490836870538	-0.01205316696736125	-0.0435273207608073	0.02493833758561091	0.004611523172767232	-0.010633190052537192	0.014135157290810038	0.013826909703678078	0.011701332841821947	0.005855194673210382	-0.016925211786701998	-0.0068442244894962615	0.011620354382455463	-0.011191184438779785	-0.003466119239228808	-0.0009449242418140661	0.00076182599250959	-0.006747385129010473	-0.008362903535488858	0.0037053923432941887	-0.001654044539547692	0.017123690080863802	-4.475781600619082e-05	-0.005381902484486876	-0.005440156671284775	0.002286792707315644	0.0022459153954974545	0.000708470873225086	0.0007979248179212754	0.0034157897538951284	-0.0001269861092454282	-0.0	0.0	0.0	0.0	0.0	0.0	0.0	0.0	0.0	0.0	0.0	0.0	0.0	0.0	0.0	0.0	0.0	0.0	0.0	0.0	0.0	0.0	0.0	0.0	0.0	0.0	0.0	0.0	0.0	0.0	0.0	0.0	0.0	0.0
stool.ASD.7.4.ASU	-0.030722055346579603	0.09499557935128643	-0.07905483336534426	0.016852968655729723	0.019612046644349502	-0.017597503037693817	0.007615645332444235	-0.043970589869858266	0.07199017993926929	0.06142565219938284	-0.05014043468663248	-0.005982573980044596	0.013137710730077653	-0.03321949622989517	0.03100980863048201	-0.0227897271351458	-0.0011072547893384895	-0.011026736264111691	0.016363780030914193	0.005698093118792878	0.00442683783785272	0.026492377449716206	0.0037310515663473657	-0.009614889012884513	0.008991032119230219	0.004948979299064542	0.003326861734808756	0.009769308276364472	0.009181233759033822	-0.010531301348317392	-0.005790871960385212	-0.001031954151576141	0.0032588979109321953	-0.00351339999656519	-0.0006331947325473134	-0.003727596560183182	0.0037063520457673985	-0.0006854134196060917	0.004663232873247137	-0.0011879614197160542	-0.002907645113393339	0.0017989917181401756	-0.00034149121592337307	-0.0004575515930492013	-0.0	0.0	0.0	0.0	0.0	0.0	0.0	0.0	0.0	0.0	0.0	0.0	0.0	0.0	0.0	0.0	0.0	0.0	0.0	0.0	0.0	0.0	0.0	0.0	0.0	0.0	0.0	0.0	0.0	0.0	0.0	0.0	0.0	0.0
stool.control.15S.4	0.17912264567636718	-0.08396297857804293	-0.15525267049265912	0.020413308587102275	-0.04556503751107439	0.09404383536209446	0.006710817133429305	0.015898337358631432	-0.03356259010353223	0.022740612075381396	-0.0007203579376340822	0.018367949525934364	0.0022276039012460347	-0.006086381024102148	-0.016362525295229653	-0.015059196701959947	-0.011373375833088728	-0.0009077616782272089	-0.022329407429989793	0.003741467344816919	-0.005755048750404293	-0.007620327476667447	-0.018206353208777244	-0.0059756365395713315	0.014464064822866312	-0.0012018389173673808	0.012548798408776643	0.003029573663366708	0.010428859208089187	0.011118493430504155	-0.00166214458125261	-0.009400999166423708	0.005106373351116314	0.007044520856049284	0.010613415604372817	-0.0011353043140819644	-0.0009938335140473888	0.005676380949132431	-0.00557066114884621	-0.006611871757242148	0.00051723774530193	-0.0011608993727989139	-0.001005345338138431	-0.0003860627960977983	-0.0	0.0	0.0	0.0	0.0	0.0	0.0	0.0	0.0	0.0	0.0	0.0	0.0	0.0	0.0	0.0	0.0	0.0	0.0	0.0	0.0	0.0	0.0	0.0	0.0	0.0	0.0	0.0	0.0	0.0	0.0	0.0	0.0	0.0
stool.control.15S.4.ASU	0.1813692870664629	-0.08500739299706545	-0.23913949133353402	0.012028227330390134	-0.05470658280280917	0.09677899343186486	0.0023451147527054914	-0.008479363212225572	-0.0727385027901427	0.019903877701474892	0.035581000320272234	0.04776448287992979	0.027804765489361744	-0.02368314241510885	-0.031680196913679064	-0.02269028308619621	0.02891104657309655	-0.023457928084379263	0.003160616128758156	-0.016429114255728332	-0.02257652325662549	0.016603450844589508	0.009157280096170194	-0.024739807867986463	-0.01006461182836622	-0.0069310336421089655	0.00998275866282081	0.006047543708785604	-0.009327621589669918	-0.003510904424390305	-0.0007896297133922454	7.817813442305532e-05	0.0017777828844111711	0.001182637681980051	-0.003399666149668182	-0.0010910864400137496	0.0007158587151122264	-0.0014008994397797844	0.008534304931478614	0.005999054044537977	-0.0002577449065063541	0.0019627755110844703	0.0013476525463115075	0.00018003410638879722	-0.0	0.0	0.0	0.0	0.0	0.0	0.0	0.0	0.0	0.0	0.0	0.0	0.0	0.0	0.0	0.0	0.0	0.0	0.0	0.0	0.0	0.0	0.0	0.0	0.0	0.0	0.0	0.0	0.0	0.0	0.0	0.0	0.0	0.0
stool.control.26S.1.ASU	0.12341964502893195	-0.00256680130695596	-0.033958061886132145	-0.03481107822532597	0.03643844627262344	0.02849910127335421	0.003062864077165129	0.002146612106662042	-0.04369482967736261	0.0025047905906130626	-0.003618037942408792	-0.022018469547244242	-0.00018940112202410936	0.008070234301261817	-0.014554927902763378	-0.046238041550549676	-0.04831945711466228	-0.001393784113064346	0.008747575914812622	-5.8365995422265924e-05	-0.000356015188517818	-0.010214973731117542	-0.010051056408439943	0.01951293476017069	0.0029146621864728833	0.007733673429185474	0.0013537385673090296	-0.009954520762130863	-0.0183599350170968	0.0016464791547012633	-0.008793108681273767	0.0016080377812514688	0.0021818927596153367	-0.0025056954503847838	-0.007894274860295411	-0.003264751714043478	-0.0028940213195596106	-0.00032473639097751447	-0.010523801864196781	0.0005263557543475191	0.00298079552563137	-0.0011130037849008754	0.0016453919931896097	-0.00039041782152051584	-0.0	0.0	0.0	0.0	0.0	0.0	0.0	0.0	0.0	0.0	0.0	0.0	0.0	0.0	0.0	0.0	0.0	0.0	0.0	0.0	0.0	0.0	0.0	0.0	0.0	0.0	0.0	0.0	0.0	0.0	0.0	0.0	0.0	0.0
stool.control.28S.3	0.03730192433560287	0.05692851432007073	0.046211109730675166	-7.486670830277777e-05	-0.014086230950597146	0.011000346235918581	0.0581883788291926	0.029655372784147815	-0.02135589998159169	0.018700419776868343	-0.00585622414649878	0.00880894087567354	0.014640631998073238	0.022262889310721984	-0.014411946955537592	0.02141608996937923	0.00656293439371716	-0.014391950572287954	0.018649501110470205	0.028160222770817013	-0.0043336057729843475	0.0019860407912877047	0.012316250958906826	0.001415370943703468	-0.016285265591204755	-0.007962204145576	-0.014436936487777781	0.0038983087885594058	0.01899634461649615	0.009716517402570693	-0.00334699505871389	0.0016168832970044002	0.017042566057371464	0.010212949720041593	0.0009461224009580237	-0.0063174196911543155	0.004649557993201046	0.0016352035582528684	-0.0038514577023694104	-0.007372895319268426	-0.001360736632941627	0.0001973109852293752	0.0004104403514146552	0.0010564385735087065	-0.0	0.0	0.0	0.0	0.0	0.0	0.0	0.0	0.0	0.0	0.0	0.0	0.0	0.0	0.0	0.0	0.0	0.0	0.0	0.0	0.0	0.0	0.0	0.0	0.0	0.0	0.0	0.0	0.0	0.0	0.0	0.0	0.0	0.0
stool.control.30C.4	-0.35019993943581346	-0.12058112456027535	0.03180135840389759	0.045095649670898734	-0.002660918750475382	0.048354118009588616	0.008641566819984198	0.0072487819090276216	0.007240449299218245	-0.005926086569226499	-0.03378323918199846	-0.038821073783814504	0.003551825111752023	-0.020133691811271615	-0.012379070393488104	0.007101046121246574	-0.005747212802741813	-0.0026987453821701794	0.013353626614181515	0.026594452806085005	-0.00693500652482432	-0.001285334503021803	-0.005387009108918401	-0.015579746097956745	0.01473217047828024	-0.0022020995913620742	-0.008276434725139217	0.003314948412767677	0.002311055431321065	0.002983870769861891	-0.006912341585884759	-0.007107324318094427	0.003623224940530085	0.007946240232597851	0.001923757456247453	-0.001964863248520543	0.010106123400562798	0.0037512763639092617	-0.007072695565472712	0.005581427282494189	-0.00024568079534328875	0.0022010836138538015	-0.0023627224866339335	-0.0007673163928607576	-0.0	0.0	0.0	0.0	0.0	0.0	0.0	0.0	0.0	0.0	0.0	0.0	0.0	0.0	0.0	0.0	0.0	0.0	0.0	0.0	0.0	0.0	0.0	0.0	0.0	0.0	0.0	0.0	0.0	0.0	0.0	0.0	0.0	0.0
stool.control.30C.5	-0.3779415161379273	-0.11789558513144373	0.031434455967738265	0.0493495303790918	-0.0012683492676467184	0.052935685715743044	0.019693284944442217	0.02027491873170277	0.0006608780367971667	0.00017334132810455728	-0.005753921136458595	-0.02619928765104412	0.008502084244904345	-0.023468977097560736	-0.0042702180142548075	0.008492204097449893	0.010640449709238917	-0.005978592000172756	0.0030350823486067434	0.01613378224325883	0.01634595105688048	-0.034974326570943896	-0.018928640918073628	0.0090943116867829	0.008093456596563041	0.0048487791033233274	0.0216715850891561	0.0015674469231824126	-0.007658123475130325	0.007371596018058756	-0.0020199046754993152	-0.0029031981287264133	0.00014347031513852178	-0.0009384030056180696	-0.01458140565439504	-0.004451191035681112	-0.006601853311210784	-0.0007786579209102135	0.006053045261931365	-0.006339336985481695	0.0016860375583342255	-0.0009341820628564681	0.0011642570361600985	0.0005442096092778825	-0.0	0.0	0.0	0.0	0.0	0.0	0.0	0.0	0.0	0.0	0.0	0.0	0.0	0.0	0.0	0.0	0.0	0.0	0.0	0.0	0.0	0.0	0.0	0.0	0.0	0.0	0.0	0.0	0.0	0.0	0.0	0.0	0.0	0.0
stool.control.31C.3	0.15391005029946792	-0.04636333459758885	0.022365948729447655	0.024267655600381594	0.0178077418380463	0.018453501953448703	0.06859152933090126	0.0019788078325390776	-0.01482698505538211	-0.005315969910090663	0.0032810021766229982	-0.024131635769370875	-0.026059375805344624	0.0025069778261427736	0.005370825991085178	0.028540392318463545	-0.011174803447875256	-0.02131916224895873	-0.003141272304323056	-0.013119515110433532	-0.019684485055975563	-0.01485533919475066	0.025741641671662496	0.010863011145509124	-0.010095119595560694	0.021989385022667524	-0.008085315665966116	0.007934800177431343	0.013793506680327769	0.025646655338062853	0.0005895853771823071	0.006227629769764571	0.00400809890518147	0.011308608367386895	-0.010622601111000307	-0.0014964411388647444	0.00218222315643739	0.0024323963429758386	0.0016086427837575781	0.002878414366874903	0.0004924855278409013	0.0003015056918723148	-0.0039626691437518145	0.00028726299752273275	-0.0	0.0	0.0	0.0	0.0	0.0	0.0	0.0	0.0	0.0	0.0	0.0	0.0	0.0	0.0	0.0	0.0	0.0	0.0	0.0	0.0	0.0	0.0	0.0	0.0	0.0	0.0	0.0	0.0	0.0	0.0	0.0	0.0	0.0
stool.control.32C.1.ASU	-0.07466474483990651	0.10929300756094752	-0.0005789777200339968	0.03914100280428408	-0.02436012162680211	-0.002146611546805721	0.010371703293110912	-0.04555027674739878	0.00042444561114974606	-0.028575576910797863	-0.00886706437184164	0.011503613381168077	0.031988069559416854	0.013300905595338367	0.028748600137549856	-0.02130505359822286	0.0003016433771808361	-0.02241387732572794	-0.007320330782252577	-0.018690168887127417	-0.006506138532469269	0.007198895211293758	-0.013873614280068164	0.004676160804561056	0.02606599519606978	-0.0076036307639562005	-0.005767151361271025	-0.012974127814090304	0.006007470832620502	-0.004170497672904337	0.0030754455417032287	0.01514569452294031	-0.0021152583461863145	0.008232833124118068	0.00035221467681264895	0.0060815776139111375	0.003923897330407985	0.0036521668844230765	-0.0018709092226484212	0.0028961105791754644	0.0021961986531304723	0.0027275618195735526	0.00014870471506146966	0.0010500698652577542	-0.0	0.0	0.0	0.0	0.0	0.0	0.0	0.0	0.0	0.0	0.0	0.0	0.0	0.0	0.0	0.0	0.0	0.0	0.0	0.0	0.0	0.0	0.0	0.0	0.0	0.0	0.0	0.0	0.0	0.0	0.0	0.0	0.0	0.0
stool.control.32C.2.run2	0.025501288230554295	0.07717932824043476	0.05104229439019903	-0.002597095288761934	-0.0255268668251767	-0.0061778000506950365	0.011038645340205764	-0.019385295802628662	0.005878994647934334	-0.01743534950836361	0.005792854815154411	0.01562831240212129	0.05576324649928936	-0.006309795953261241	-0.02464669099540799	0.014505127376961975	0.018385964984295136	-0.0050816483623911625	-0.01224494368149103	0.00014378365917068562	-0.0006851861228384017	-0.008972982970044773	-0.015859046803490977	0.007487317230415358	-0.021330296524828592	0.015459571989849558	-0.004879132781488972	-0.01843527627498277	-0.003657973903921371	-0.00776970458104663	-0.0004602348971336482	-0.004305458809919085	0.0025132411035390825	-0.0009288268704555853	0.0010567286644575283	-0.009545337023892118	0.0007566542263485309	-0.004444713735625914	-0.0029487823619219066	-0.005441681739023842	-0.0021209205101266754	0.0017576906393230018	-0.0019937495034063296	0.0009552214117671753	-0.0	0.0	0.0	0.0	0.0	0.0	0.0	0.0	0.0	0.0	0.0	0.0	0.0	0.0	0.0	0.0	0.0	0.0	0.0	0.0	0.0	0.0	0.0	0.0	0.0	0.0	0.0	0.0	0.0	0.0	0.0	0.0	0.0	0.0
stool.control.38C.1.ASU	0.06723394363874975	-0.13129027095366494	0.046593904515795447	-0.003948146408307643	-0.04910663796018558	-0.04777822338631802	-0.018822072555547173	0.018299647401246233	0.03785147356068522	0.034575332092351724	-0.05852948961430434	0.002287767691487352	0.028484719373314375	-0.008610735970479871	-0.004553385273696087	-0.02190376433875508	0.0015341316832525869	-0.03638308456803701	0.030112355309849938	-0.0007067450741424788	0.003151580818310685	-0.009360714674057705	0.0062867489352419585	-0.014425903871122575	-0.011245936870526795	0.003930069125764967	0.010818912620926727	0.00032949331121036665	-0.00022213636331243778	-0.0032518915143293576	-0.0006081626575491368	0.013287981576019818	0.004930405174663199	0.0010448202530198695	0.005749516822106548	-0.007593134449679121	-0.0009916738650027357	0.0007989767522268963	-0.002744037138664108	-0.004897189749504232	-0.0003315263795153711	-0.001172225573250888	0.0005490309983066657	-0.0006171010715359122	-0.0	0.0	0.0	0.0	0.0	0.0	0.0	0.0	0.0	0.0	0.0	0.0	0.0	0.0	0.0	0.0	0.0	0.0	0.0	0.0	0.0	0.0	0.0	0.0	0.0	0.0	0.0	0.0	0.0	0.0	0.0	0.0	0.0	0.0
stool.control.39C.3	-0.29451736470921097	-0.09259077038176654	0.014876368264120282	0.012834495572335495	0.0011361502440843	0.005990599017738806	0.0012626703575864553	-0.03408748745751815	0.012315246321158392	-0.013728164009707442	0.032850636261888944	0.012075032586679744	0.004975885000660083	-0.007603616529174348	0.014134429995894832	-0.01580594862475554	-0.012037270718117683	0.0020073356846586577	-0.010417191086100333	-0.008911451777791053	0.006107185809066197	-0.00303524916935315	0.01706741947402203	0.005906460367310726	-0.015439703702713428	-0.008638889681357008	0.02541351168910234	0.028190337394694783	-0.011860682484016796	-0.012612991247886741	-0.0017947079895508451	0.0002789256220669087	-0.003285986757425686	-0.012536713463419247	0.011080719753580232	0.014378628914096582	0.005327983059936502	0.005034742965546141	-0.00655884865842082	-0.001998285957764673	-0.0005895625271176896	-0.0008490606359894853	-0.003849558782135781	0.00048285898234417374	-0.0	0.0	0.0	0.0	0.0	0.0	0.0	0.0	0.0	0.0	0.0	0.0	0.0	0.0	0.0	0.0	0.0	0.0	0.0	0.0	0.0	0.0	0.0	0.0	0.0	0.0	0.0	0.0	0.0	0.0	0.0	0.0	0.0	0.0
stool.control.39C.4	-0.28072851519227654	-0.09031145394855974	0.012451822659549364	-0.0006210211548390032	-0.006911045005077302	-0.009470582564241239	-0.023671421777591618	-0.05459174296775548	0.0412330787672101	-0.009327665399469734	0.06933339845848066	0.049668485738510154	-0.01898412729529363	0.01967272916680171	-0.0034638296145256334	-0.012711655203689606	-0.026672439693871997	-0.021431057433839877	-0.00754119132922367	0.030443577932096767	0.015767348313501267	0.01038401973698212	0.0004790235689205191	-0.004884117489926934	0.02323434668797483	-0.012322573887723915	-0.0009888113554017705	-0.009743287969532619	0.007026031999928462	0.010482341614171078	-0.0037145332683244103	0.0033423076302704757	0.005025564000450531	0.003500577069552793	-0.004781935069903691	-0.0041110564450133865	0.0020772045347057194	-0.0030635711326084778	0.0010417270938467363	0.0007512587870124438	-0.001286381933461033	0.00038695841361754035	0.002347619197509268	-0.00017865545276982644	-0.0	0.0	0.0	0.0	0.0	0.0	0.0	0.0	0.0	0.0	0.0	0.0	0.0	0.0	0.0	0.0	0.0	0.0	0.0	0.0	0.0	0.0	0.0	0.0	0.0	0.0	0.0	0.0	0.0	0.0	0.0	0.0	0.0	0.0
stool.control.40C.4	-0.3193774540437766	-0.09174619982610839	0.023367057319021323	0.004429541515642782	0.046022072138634657	-0.01285046066007314	-0.08228904427752166	-0.07002575042752972	-0.09230871371437951	0.005818798826012361	-0.013295971680279836	-0.008062986928562325	0.02409682186901946	0.027122027949950785	0.0004624335686740788	-0.013062740775083348	-0.004087344690904045	-0.011557371883813181	-0.012261514796508768	0.005914001457469414	-0.00023038823650711933	0.012386199333238337	0.003506004265821346	0.013973811751983674	-0.012016000731227522	0.002042576393381734	-0.0015282218674428133	-0.0037140370745281422	0.0027004624475041954	-0.004246166094614301	0.0021613602128233754	0.001785971279660776	-0.00427465704524399	0.000140217208934574	0.0026840516066858407	-0.001241649119825396	0.0006470794118085187	0.0011218094935151312	2.035835005552799e-05	-0.001434240445869401	0.0015797093481851176	-0.00017803550373531344	0.001213184083969789	9.176130468261667e-05	-0.0	0.0	0.0	0.0	0.0	0.0	0.0	0.0	0.0	0.0	0.0	0.0	0.0	0.0	0.0	0.0	0.0	0.0	0.0	0.0	0.0	0.0	0.0	0.0	0.0	0.0	0.0	0.0	0.0	0.0	0.0	0.0	0.0	0.0
stool.control.40C.5	-0.3826298977532338	-0.114428705520694	-0.021598331226230446	0.06119473894081955	0.01909292141261252	-0.055155190963515975	0.009511596215132031	0.036152543045450486	-0.009984623454757693	0.024812329355137868	0.010609135523797312	-0.018720093531085755	0.009432861668937663	-0.02954644899491847	-0.006674652300573312	0.022173179968809603	0.02788034008694529	0.007258872054963651	-0.0026849029437396046	-0.021164262417292076	-0.006109183302245931	0.0007305724348641307	-0.004278079216476387	-0.007177569231617597	-0.014124366200900013	-0.022950736619124758	-0.015519677489001807	-0.0008422254703641476	-0.001713171221200833	0.01661489727520545	0.0006908795320629737	0.0021590725890871226	-0.011796871941518041	-0.0007988777678874381	-0.0025368065094956414	-0.003370415412422424	0.003674230255665574	0.004547996731347777	-0.0016151000913598886	0.0028407716587015032	0.0015798703867403036	0.0015938420182884875	-0.0004929640430910986	-7.332774766476111e-05	-0.0	0.0	0.0	0.0	0.0	0.0	0.0	0.0	0.0	0.0	0.0	0.0	0.0	0.0	0.0	0.0	0.0	0.0	0.0	0.0	0.0	0.0	0.0	0.0	0.0	0.0	0.0	0.0	0.0	0.0	0.0	0.0	0.0	0.0

Biplot	0	0

Site constraints	0	0
